332	Window=1	Metric=APC
i	j	Statistic	+/-	Zij	Zi	Zj	Mod_Depth	Mod_Comuts	Unt_Depth	Unt_Comuts
20	27	38.02	-1	3.84	3.26	4.43	374854	2597	3184967	0
20	34	33.25	1	2.45	2.84	2.07	402360	707	3190376	2
20	35	79.50	1	7.21	6.84	7.57	409476	506	3185393	6
20	36	121.03	-1	6.46	10.43	2.49	324290	4896	3189780	6
20	37	39.26	1	5.91	3.36	8.45	435737	169	3206255	1
20	38	91.51	1	9.86	7.88	11.83	433965	656	3190319	3
20	39	23.60	1	1.95	2.01	1.90	433144	867	3176080	0
21	29	31.55	1	4.44	6.72	2.17	387291	594	3198818	2
21	36	32.91	1	3.83	7.00	0.66	329341	975	3192017	6
22	29	70.25	-1	6.87	8.87	4.88	384174	323	3199395	15
22	36	41.08	1	3.02	5.20	0.83	327024	867	3192788	27
22	39	25.93	-1	2.69	3.30	2.09	435344	70	3178016	3
23	30	23.44	1	2.30	1.47	3.12	417373	126	3202288	6
23	35	78.44	1	6.21	4.95	7.47	401262	287	3193761	27
25	36	72.28	-1	5.51	9.54	1.48	315224	325	3197315	2
26	36	35.34	-1	4.32	7.93	0.71	314913	217	3191601	5
27	36	60.11	1	4.13	7.04	1.23	264768	6812	3200731	5
27	39	29.40	-1	2.89	3.42	2.37	383740	874	3188779	6
27	49	85.59	-1	5.78	10.04	1.52	386418	3379	3201973	2
27	71	25.07	-1	2.75	2.91	2.60	380197	785	3212300	0
27	77	35.68	-1	4.11	4.16	4.07	361239	2309	3195908	7
27	80	23.43	1	2.22	2.71	1.73	334524	3852	3208662	1
27	90	23.96	1	2.86	2.78	2.95	386752	1571	3236960	3
29	36	79.57	1	3.58	5.53	1.63	270121	6526	3213165	10
29	39	168.20	-1	12.66	11.72	13.60	392768	663	3199810	7
29	49	93.48	-1	4.08	6.50	1.66	395291	3196	3213944	5
29	52	20.63	-1	3.90	1.41	6.39	390395	245	3215201	24
29	90	20.70	1	1.98	1.41	2.54	395801	1492	3250656	19
29	178	23.83	1	2.72	1.63	3.80	377690	4303	3219069	22
30	75	37.35	-1	4.02	4.92	3.11	414814	75	3214793	6
30	77	47.42	-1	5.83	6.23	5.43	413442	60	3205079	10
34	41	51.88	1	6.25	3.22	9.28	418829	173	3196457	6
34	75	35.22	-1	2.56	2.19	2.93	392862	409	3211992	3
35	65	20.69	-1	2.15	2.00	2.30	393792	221	3132482	4
35	75	30.79	-1	2.75	2.95	2.55	399960	232	3206643	6
36	43	718.49	-1	12.54	14.93	10.15	337394	128	3188212	2
36	45	92.66	-1	4.92	1.90	7.93	338418	141	3199876	6
36	46	20.92	1	3.32	0.41	6.23	337626	1021	3202989	40
36	49	192.23	-1	3.70	3.98	3.42	336367	6541	3207927	5
36	67	30.01	1	2.32	0.60	4.04	304938	4935	3187630	6
36	90	45.42	1	3.27	0.92	5.62	336960	3008	3243971	19
49	56	880.84	-1	16.00	15.74	16.26	442536	2184	3210540	3
49	65	27.06	-1	1.75	0.47	3.03	419977	2075	3142043	2
56	63	28.65	-1	3.42	0.52	6.33	416999	113	3203047	2
56	66	60.81	-1	3.56	1.11	6.01	414101	453	3146512	12
58	65	91.37	-1	10.82	11.31	10.34	411834	133	3155146	0
59	66	98.81	-1	11.96	14.17	9.76	412326	184	3161571	14
59	75	21.37	-1	2.39	3.04	1.75	413640	1277	3232276	3
62	70	44.61	1	7.42	4.24	10.60	422212	405	3219847	19
62	71	104.34	1	10.39	9.94	10.84	421790	474	3218764	3
62	77	48.23	-1	5.05	4.58	5.52	401477	638	3202214	2
62	102	25.48	-1	3.03	2.41	3.65	388578	449	3230027	5
62	105	30.69	1	2.70	2.91	2.49	384033	1156	3228107	3
62	178	35.87	1	4.58	3.40	5.76	408292	1507	3210521	15
62	195	27.96	-1	2.18	2.65	1.72	409428	1133	3224462	1
62	200	26.93	1	2.32	2.55	2.09	419373	324	3221626	1
62	205	22.13	-1	1.69	2.09	1.29	417463	1603	3218036	5
65	75	24.43	-1	2.37	2.73	2.01	396399	1434	3148290	0
65	94	31.74	1	2.60	3.56	1.64	413040	578	3168291	0
65	178	24.21	1	3.28	2.70	3.86	400742	2749	3143826	6
65	185	43.99	1	2.90	4.95	0.86	396023	1278	3138796	5
65	195	24.64	-1	2.13	2.75	1.51	401962	2336	3157092	0
66	75	51.26	1	4.68	5.07	4.29	399926	583	3151989	5
67	77	26.45	-1	3.28	3.55	3.00	397652	1396	3188408	3
67	80	66.78	1	7.04	9.06	5.02	372647	2550	3200258	0
67	93	21.68	-1	1.85	2.90	0.79	413249	668	3224385	8
67	195	40.38	1	3.98	5.45	2.51	405299	2898	3210546	2
67	285	22.28	1	2.34	2.98	1.69	401253	1191	3209039	0
67	286	30.45	1	3.52	4.10	2.93	399173	2233	3212378	5
71	277	21.84	-1	1.84	2.26	1.43	427317	267	3242464	1
71	285	32.55	-1	2.93	3.38	2.49	423088	270	3240903	1
71	286	21.71	-1	2.17	2.25	2.08	420680	606	3244254	3
73	80	32.10	-1	5.20	8.01	2.38	390982	82	3231196	10
74	81	36.16	1	7.47	7.10	7.85	430859	69	3231422	67
75	102	60.88	-1	6.95	5.10	8.80	388275	927	3240604	8
75	103	34.72	-1	3.73	2.89	4.57	385660	691	3251304	7
75	105	35.15	-1	2.89	2.92	2.86	383862	1800	3238631	4
75	107	47.13	-1	3.21	3.94	2.47	385681	2220	3244137	2
75	143	65.34	1	8.30	5.48	11.11	400043	1691	3246426	2
75	187	26.80	1	1.87	2.21	1.52	419056	2017	3225246	3
75	192	59.22	1	3.35	4.96	1.73	391038	2017	3134116	2
75	194	32.52	1	3.19	2.70	3.67	400529	1918	3231426	1
75	195	52.93	1	3.86	4.43	3.30	409068	3097	3235086	1
75	205	28.21	1	2.00	2.33	1.66	417009	3994	3228376	3
77	84	42.18	-1	6.22	4.82	7.63	386466	255	3077794	2
77	93	36.35	1	2.75	4.15	1.34	415755	1032	3238684	4
77	96	38.13	-1	4.06	4.35	3.77	409224	587	3238065	13
77	98	34.49	-1	2.98	3.93	2.03	403905	753	3240865	6
77	105	24.52	-1	2.38	2.78	1.98	382695	1738	3228429	2
77	158	35.65	1	2.72	4.07	1.38	388794	2408	3238896	9
77	185	22.13	1	1.46	2.50	0.42	401078	1295	3206247	1
80	87	33.54	-1	3.19	2.49	3.89	389914	756	3159283	20
80	88	67.45	-1	5.88	5.07	6.70	401765	338	3253123	5
80	89	131.95	-1	8.91	9.96	7.87	402914	270	3257895	4
80	90	23.98	-1	2.36	1.77	2.95	402517	1156	3257433	18
80	93	40.40	-1	2.26	3.01	1.50	392201	998	3254409	3
80	102	37.32	1	4.08	2.78	5.37	366379	1798	3245523	13
80	105	77.13	1	6.07	5.80	6.33	361874	3134	3243773	2
80	107	20.16	1	1.26	1.48	1.04	362346	3760	3249237	2
80	178	21.95	1	2.56	1.61	3.50	383793	4066	3228694	17
80	200	25.37	-1	1.92	1.87	1.97	394592	558	3236554	1
86	93	35.48	1	4.35	7.39	1.31	426208	328	3137941	47
87	107	112.78	-1	9.54	13.11	5.98	399064	660	3271822	15
88	98	43.29	1	3.43	4.31	2.55	431814	281	3383963	8
88	159	34.80	-1	2.28	3.47	1.10	429809	250	3382277	1
88	178	23.21	-1	3.02	2.33	3.70	433786	419	3352588	16
88	185	38.73	-1	2.31	3.86	0.75	428444	121	3348084	3
88	187	28.06	1	2.20	2.81	1.60	445827	459	3357302	2
88	194	22.73	1	2.42	2.28	2.55	425989	422	3362606	0
88	195	29.21	1	2.36	2.92	1.80	435087	671	3366482	2
89	97	31.52	1	3.13	1.90	4.35	438443	151	3390703	27
89	98	91.36	1	5.44	5.46	5.43	433142	316	3390048	9
89	105	24.82	-1	1.76	1.51	2.01	409649	285	3376597	6
89	155	20.92	1	1.11	1.27	0.96	426479	245	3371292	0
89	158	46.90	-1	2.32	2.82	1.82	416159	294	3387975	7
89	159	68.65	-1	3.16	4.11	2.21	430954	197	3388349	3
89	185	32.06	-1	1.28	1.94	0.62	429642	117	3354021	7
90	98	84.39	1	7.74	10.48	5.01	433206	724	3389033	38
90	187	24.92	1	2.24	3.07	1.42	446845	1081	3362275	10
91	101	26.80	1	5.89	7.00	4.77	419240	205	3372079	1
92	101	20.98	1	4.41	5.09	3.72	417870	280	3370681	24
93	100	111.92	-1	7.46	4.19	10.73	413234	333	3371657	2
93	169	29.16	1	1.18	1.07	1.28	424608	567	3363129	3
93	172	272.08	-1	9.52	10.21	8.83	424397	245	3366477	4
93	178	28.66	1	2.82	1.05	4.59	424222	1524	3354121	39
93	185	217.87	-1	6.26	8.17	4.35	419218	241	3349622	5
93	187	106.63	-1	5.08	3.99	6.18	436093	584	3358849	1
94	166	32.42	-1	2.64	1.67	3.60	436467	208	3369984	4
94	169	193.63	1	9.32	9.96	8.68	427264	485	3360982	0
94	172	106.19	-1	4.45	5.47	3.43	427184	163	3364377	2
94	185	75.85	-1	2.70	3.91	1.50	421932	160	3347580	8
94	187	46.91	-1	2.56	2.42	2.70	439002	338	3356720	6
96	103	25.57	-1	2.94	2.52	3.36	397702	305	3385099	6
96	164	66.26	1	6.03	6.57	5.48	423296	1050	3374113	6
96	166	38.70	-1	4.07	3.83	4.30	426937	365	3371949	10
96	169	92.01	1	6.62	9.14	4.11	417980	583	3362982	8
96	172	21.24	-1	1.38	2.09	0.66	417709	427	3366323	3
96	185	40.68	-1	2.41	4.03	0.79	412493	352	3349523	11
97	166	55.69	-1	6.95	7.69	6.21	426355	186	3375864	8
97	169	37.07	1	3.38	5.12	1.64	417529	342	3366857	16
97	172	25.61	-1	2.17	3.54	0.80	417138	238	3370081	6
97	185	25.30	-1	1.99	3.50	0.48	411971	210	3353240	13
98	105	41.23	1	2.90	2.43	3.36	392309	1425	3375442	4
98	107	21.96	-1	1.21	1.28	1.13	392356	1238	3381154	10
98	154	50.39	1	2.46	2.98	1.94	415810	717	3371702	3
98	157	30.03	-1	2.53	1.76	3.30	380983	963	3382293	18
98	158	150.33	-1	7.44	8.95	5.93	394705	874	3386545	12
98	159	104.29	-1	4.79	6.20	3.37	408860	706	3386917	6
98	172	21.37	-1	0.96	1.24	0.67	412150	531	3369571	4
98	185	36.02	-1	1.41	2.12	0.70	407056	446	3352661	5
100	164	25.87	-1	2.28	2.45	2.11	406398	1007	3363663	2
100	166	80.39	1	8.34	7.70	8.98	409730	967	3361383	2
100	173	48.76	1	3.01	4.65	1.36	404081	318	3350652	1
100	181	20.58	1	1.28	1.94	0.62	404931	335	3368209	0
101	108	50.31	1	5.72	9.01	2.44	402024	3043	3373437	0
101	159	37.14	1	3.90	6.64	1.17	395581	1824	3372774	7
102	160	45.21	1	6.22	6.52	5.92	400285	901	3374221	8
102	162	27.93	1	2.76	4.01	1.51	388917	1304	3327525	3
102	281	30.86	-1	3.89	4.44	3.34	398274	641	3343792	5
103	159	46.97	-1	3.84	6.19	1.49	389741	654	3386659	1
103	160	76.50	1	10.07	10.10	10.04	397495	727	3386715	1
105	112	31.17	1	5.99	2.53	9.45	409757	576	3371436	29
105	152	44.18	-1	4.87	3.61	6.12	405351	875	3354555	1
105	159	136.52	-1	7.84	11.24	4.43	388062	1594	3373634	2
105	173	52.18	-1	2.86	4.27	1.46	393568	241	3351212	2
107	152	61.95	-1	5.93	3.26	8.60	408587	1049	3360178	2
107	153	20.01	-1	1.72	1.03	2.40	405603	602	3360521	4
107	154	34.66	-1	1.57	1.81	1.33	398043	1200	3364424	0
107	155	52.80	-1	2.61	2.78	2.45	387366	1021	3362778	3
107	157	55.56	1	4.54	2.92	6.16	364477	3193	3374931	15
107	158	25.14	1	1.13	1.30	0.96	377371	3442	3379000	6
107	159	243.66	1	10.45	12.96	7.94	390165	3251	3379332	1
107	173	34.72	-1	1.40	1.81	0.98	395216	336	3356833	1
108	152	23.57	-1	2.19	1.12	3.25	432200	1329	3366340	0
108	154	29.25	-1	1.26	1.40	1.12	420987	1427	3370624	0
108	155	33.48	-1	1.58	1.61	1.54	409762	1248	3368950	0
108	158	130.81	1	5.77	6.39	5.15	398917	4301	3385388	2
108	159	286.94	1	11.71	14.06	9.36	412225	3825	3385713	1
108	162	22.57	-1	1.14	1.08	1.21	408858	2631	3338813	1
108	173	27.72	-1	1.06	1.33	0.79	418248	411	3362962	0
109	153	30.69	1	2.44	1.19	3.68	441776	545	3366207	1
109	154	269.76	1	10.61	10.70	10.51	433440	1329	3370170	3
109	155	236.26	1	10.20	9.37	11.04	421580	1160	3368508	2
109	157	20.58	-1	1.52	0.79	2.25	396365	1503	3380748	11
109	158	82.01	-1	3.23	3.24	3.22	409840	1483	3384929	1
109	159	129.44	-1	4.66	5.12	4.20	423809	1090	3385265	2
109	173	30.39	1	1.02	1.18	0.86	430126	378	3362541	1
110	154	49.04	1	4.74	7.58	1.89	437914	182	3368897	1
110	155	33.41	1	3.37	5.19	1.54	425971	150	3367241	3
111	153	43.61	1	6.56	7.89	5.23	448115	78	3364615	2
114	153	29.27	1	4.25	4.99	3.51	449086	88	3362933	3
114	155	22.47	1	2.44	3.86	1.03	428566	130	3365134	2
114	173	23.15	1	2.32	3.98	0.66	436251	64	3359145	0
116	127	28.56	1	6.52	5.39	7.66	445914	66	3372827	105
123	155	22.04	1	2.35	3.70	1.01	421739	65	3373607	1
126	133	59.24	-1	12.43	13.66	11.20	443484	666	3367745	2
143	157	31.45	-1	4.39	5.33	3.46	378904	1411	3377711	3
146	154	26.88	-1	4.53	8.04	1.02	435940	955	3367749	2
152	160	58.20	1	7.85	8.08	7.63	434926	813	3366601	4
153	162	51.96	1	4.53	6.24	2.83	419929	665	3320830	2
153	163	21.10	1	3.21	2.54	3.89	423233	179	3316363	2
153	164	39.21	1	3.96	4.71	3.22	431641	673	3357850	2
154	162	223.93	1	10.51	8.72	12.30	412312	1489	3324499	0
154	163	44.19	1	4.92	1.70	8.13	415274	358	3320014	1
154	164	125.74	1	7.66	4.88	10.43	423587	1418	3361699	2
154	165	39.44	1	1.59	1.51	1.66	428786	503	3354299	0
155	162	163.50	1	8.30	7.63	8.97	402276	1325	3322851	0
155	165	24.24	1	1.07	1.11	1.02	417608	437	3352684	1
155	169	21.27	1	0.95	0.97	0.93	407360	574	3348757	2
155	172	40.61	-1	1.58	1.88	1.29	407637	456	3352760	3
155	173	77.06	1	2.86	3.58	2.14	410616	299	3347328	0
157	164	107.57	-1	10.44	11.97	8.92	389822	1783	3371950	0
157	173	36.28	-1	2.51	4.00	1.02	387246	259	3358882	5
158	165	327.18	-1	13.40	12.95	13.86	408537	422	3371223	2
158	169	42.62	-1	1.77	1.65	1.89	398116	898	3364588	6
158	185	24.17	1	0.69	0.92	0.46	393383	1627	3351140	6
158	281	40.61	-1	2.99	1.57	4.41	400534	1283	3354196	1
159	166	66.29	-1	4.76	2.13	7.40	421736	947	3376706	0
159	167	33.27	-1	3.54	1.05	6.03	421656	154	3375924	6
159	169	116.31	-1	4.48	3.77	5.20	412923	600	3365007	0
159	172	21.45	1	0.66	0.66	0.67	413011	1426	3368496	2
159	185	102.29	1	2.67	3.31	2.03	407482	1522	3351543	2
159	297	31.79	-1	1.49	1.00	1.98	406001	459	3363986	1
161	169	100.31	1	6.30	8.12	4.48	414647	132	3322637	3
162	169	34.56	-1	1.70	1.87	1.53	413011	682	3319426	2
167	187	26.62	-1	3.18	4.84	1.51	438976	155	3351795	8
169	185	169.93	-1	5.50	7.61	3.39	421929	282	3331942	2
169	227	25.64	1	0.97	1.13	0.81	396064	530	3339555	0
172	179	27.47	-1	4.92	0.87	8.96	434638	239	3350684	5
172	184	67.24	1	5.41	2.16	8.67	428512	158	3357384	10
172	185	181.74	1	4.76	5.89	3.63	423869	1169	3336169	2
172	186	39.89	-1	5.12	1.27	8.96	430501	1032	3343417	1
172	225	313.17	1	6.84	10.17	3.51	405085	983	3349225	26
173	181	411.26	1	11.77	11.31	12.23	437062	311	3359502	1
173	187	20.09	1	0.85	0.58	1.13	434917	373	3339523	0
174	181	133.69	1	6.59	9.21	3.98	436121	113	3369605	2
178	187	40.10	-1	4.38	6.45	2.30	431465	2083	3332605	16
185	192	543.51	-1	13.45	10.90	16.00	397815	458	3238285	2
185	194	79.58	-1	5.31	1.57	9.06	405159	817	3334022	3
185	195	63.19	-1	2.60	1.24	3.95	413530	1438	3337515	11
185	225	362.84	1	5.67	7.27	4.07	400124	980	3332486	36
185	227	21.36	-1	0.54	0.40	0.67	391016	380	3326280	1
185	285	32.93	-1	1.58	0.63	2.52	407222	546	3333902	2
187	194	74.28	1	6.37	4.30	8.45	423416	2097	3342996	3
187	195	221.75	1	13.43	12.90	13.96	430981	3589	3346665	6
187	285	23.39	1	1.55	1.33	1.78	423759	1297	3342929	0
188	195	24.21	-1	4.98	8.48	1.49	427711	480	3365793	12
194	205	54.40	1	4.71	6.18	3.24	417944	3939	3346486	0
195	278	21.45	1	1.62	1.31	1.92	406594	2382	3352011	1
200	220	38.04	-1	2.15	2.95	1.35	418983	572	3318814	5
200	244	22.84	-1	1.80	1.78	1.83	420983	505	3300629	1
200	266	44.44	1	3.35	3.44	3.27	440935	218	3333985	0
200	276	57.25	1	6.08	4.43	7.73	434474	332	3344305	1
202	210	79.85	1	5.14	5.19	5.10	450161	61	3346895	7
202	276	28.57	1	2.88	1.93	3.84	438731	140	3330334	3
205	224	92.19	-1	3.92	5.52	2.33	422161	1097	3345223	5
205	266	33.56	-1	2.23	1.98	2.47	438842	783	3330455	2
205	269	183.81	-1	13.18	11.04	15.32	431790	2091	3335470	3
207	224	55.35	1	3.24	5.09	1.39	426748	132	3323453	6
208	217	36.47	1	4.49	7.96	1.02	421942	412	3329090	26
208	228	22.45	1	2.85	4.92	0.78	417385	325	3332029	19
209	228	57.42	-1	5.83	9.61	2.05	420145	553	3337547	11
209	229	29.00	-1	2.84	4.84	0.85	417680	633	3308432	17
210	217	28.59	-1	1.35	1.91	0.80	424282	55	3361391	1
210	261	47.87	1	2.79	3.11	2.47	448019	65	3353722	1
212	261	160.06	1	8.64	9.15	8.14	448198	96	3352551	1
215	261	85.51	1	6.90	9.43	4.37	441765	83	3346270	2
217	231	107.58	-1	3.73	3.05	4.41	396690	1080	3319468	12
217	237	528.68	-1	15.60	15.09	16.10	384051	1136	3313596	0
217	238	90.35	1	4.17	2.56	5.79	387016	2218	3323322	2
217	239	89.35	1	4.07	2.53	5.61	388036	2236	3322286	7
218	227	28.67	1	3.49	6.06	0.91	383610	119	3327866	2
219	227	24.21	-1	1.41	2.05	0.76	379784	1073	3313708	2
219	228	158.55	-1	9.70	13.67	5.72	384024	1457	3325083	0
219	229	52.17	1	3.01	4.47	1.56	381428	2431	3296050	1
219	237	63.84	1	3.70	5.48	1.93	376946	3588	3284807	2
220	227	352.15	-1	12.09	12.74	11.43	393314	720	3310456	1
220	228	251.98	-1	9.11	9.11	9.11	396832	1399	3321826	1
220	229	101.30	-1	3.35	3.65	3.05	393356	1767	3292784	2
220	230	36.99	-1	1.44	1.31	1.57	398029	1792	3291344	1
221	228	310.38	-1	8.62	6.01	11.23	405569	555	3343265	2
221	229	399.49	-1	9.94	7.74	12.14	401557	589	3313871	4
221	230	263.35	-1	8.24	5.09	11.38	405867	629	3312373	1
221	231	206.66	-1	6.25	3.99	8.51	408430	821	3308516	0
221	233	31.31	1	0.58	0.58	0.58	389946	1288	3315315	5
221	251	281.86	1	6.24	5.45	7.02	422798	2111	3340284	3
221	254	461.26	-1	10.27	8.94	11.60	409117	294	3339394	4
223	231	21.29	1	2.59	4.34	0.85	413548	369	3319386	19
224	231	198.19	1	6.59	5.03	8.16	410120	991	3318826	6
224	235	60.40	1	1.28	1.52	1.04	397901	754	3320420	8
224	239	24.13	-1	1.04	0.59	1.49	396491	639	3321681	1
224	243	20.15	-1	1.54	0.49	2.60	395664	656	3312225	5
224	251	467.10	-1	11.77	11.89	11.65	421162	211	3350432	2
224	254	178.50	1	4.50	4.53	4.48	407453	688	3350076	4
224	257	22.16	-1	2.05	0.54	3.55	414274	582	3351602	1
224	266	42.34	1	2.09	1.06	3.11	425518	280	3332799	4
225	233	843.06	1	12.70	9.49	15.90	383766	1414	3323663	91
225	235	896.69	1	12.83	10.09	15.57	391134	1490	3318679	79
225	238	48.59	1	1.81	0.53	3.10	388743	1111	3322506	28
226	234	87.84	1	6.79	6.21	7.38	383920	248	3328245	11
226	238	103.25	1	6.95	7.29	6.62	380926	550	3321017	1
226	239	75.14	1	5.01	5.31	4.72	381873	535	3319884	0
226	254	50.78	-1	2.43	3.59	1.26	392708	93	3347821	5
227	234	136.91	-1	7.97	4.43	11.51	384508	152	3323697	3
227	235	185.97	1	4.62	6.02	3.22	383731	1130	3312544	1
227	238	24.60	1	1.16	0.77	1.55	380053	1102	3316506	0
227	239	57.45	-1	2.72	1.84	3.60	380871	723	3315425	1
227	243	42.06	1	3.40	1.34	5.46	379762	1151	3304959	3
227	254	123.93	-1	3.55	4.01	3.10	391737	240	3343211	2
228	246	24.86	1	3.22	0.87	5.56	413838	273	3302672	15
229	237	42.73	1	1.28	1.27	1.29	382022	2084	3289415	3
229	245	116.74	1	5.80	3.52	8.07	408411	3248	3274754	3
229	251	159.53	-1	4.39	4.83	3.96	407796	1002	3325880	0
229	254	234.62	1	6.50	7.12	5.89	394797	1234	3325762	0
230	239	25.75	-1	1.34	1.08	1.59	389678	1364	3296353	3
230	243	89.84	-1	7.79	3.86	11.72	388066	1201	3286011	3
230	251	142.84	-1	4.85	6.16	3.54	413380	969	3324472	0
230	254	173.19	1	5.91	7.47	4.34	400115	1124	3324070	2
231	251	190.59	-1	6.29	7.84	4.74	417054	1113	3321021	2
231	254	139.05	1	4.60	5.71	3.48	403579	1247	3320111	2
232	239	214.09	1	11.51	9.52	13.50	388125	454	3316960	8
232	240	71.06	1	6.49	3.18	9.80	387131	74	3342313	41
232	242	26.12	1	3.02	1.19	4.85	380955	62	3304778	93
235	244	66.02	1	3.24	1.13	5.35	396383	2253	3273322	3
236	244	30.75	1	6.16	9.84	2.47	399072	694	3294567	4
238	245	195.40	-1	13.04	12.55	13.52	410205	3190	3273727	2
243	256	22.39	1	2.82	2.89	2.75	390186	1612	3317879	1
243	266	32.01	-1	3.25	4.15	2.36	412135	399	3300371	1
244	251	171.07	-1	9.08	13.91	4.25	420612	1744	3304096	2
246	254	32.34	-1	4.01	7.21	0.80	425800	86	3300497	15
256	266	34.46	-1	3.39	4.25	2.54	420332	219	3340822	0
256	270	89.91	-1	8.05	11.16	4.94	418568	2190	3354760	1
256	279	37.80	1	7.04	4.67	9.42	407388	1832	3355348	1
256	302	22.05	1	1.52	2.70	0.34	421890	586	3335147	2
257	266	51.47	-1	6.05	8.32	3.78	432791	328	3340133	0
257	269	21.80	1	2.65	3.49	1.80	425689	1508	3344941	1
257	270	38.85	1	4.19	6.27	2.11	430828	4254	3353873	2
257	277	33.68	-1	3.82	5.43	2.21	419144	925	3356322	2
257	278	24.43	1	3.06	3.92	2.19	408257	1634	3353949	2
258	266	111.08	-1	11.09	14.04	8.14	441023	339	3339709	2
259	270	27.96	1	4.10	6.70	1.51	447947	275	3347765	1
261	271	28.27	1	4.03	1.47	6.59	449052	242	3345457	2
261	273	23.69	1	1.73	1.24	2.22	441134	124	3328617	25
262	269	26.45	-1	4.87	7.55	2.19	444812	216	3340227	19
263	270	111.28	1	8.44	10.76	6.12	449693	688	3350287	14
270	277	138.87	-1	8.42	7.65	9.18	430317	1768	3354037	4
270	288	173.22	1	10.89	9.55	12.23	437599	9309	3353935	1
271	288	30.99	-1	4.69	7.23	2.16	443035	1924	3354931	0
273	281	52.63	1	5.32	4.91	5.73	430193	420	3323713	36
275	288	38.15	1	5.31	7.96	2.67	437615	729	3344579	19
276	285	53.67	1	5.68	7.24	4.12	421825	662	3349738	2
277	285	173.73	1	12.45	11.50	13.40	415620	1030	3356415	0
278	286	83.12	1	7.80	7.53	8.07	402518	2067	3356793	5
278	297	29.40	-1	2.24	2.64	1.83	400963	345	3349044	2
278	298	58.29	-1	7.39	5.27	9.51	403130	1350	3347845	0
278	301	125.40	1	9.74	11.38	8.11	417842	4558	3339174	2
281	288	102.62	-1	9.23	11.22	7.23	430321	2308	3344664	1
284	291	69.04	1	9.20	9.70	8.70	426039	113	3345024	1
286	301	127.84	-1	10.35	12.43	8.26	423067	5411	3344377	3
287	294	70.39	1	4.94	5.57	4.31	423820	74	3351514	4
287	297	97.56	1	6.88	7.69	6.07	408224	135	3354360	3
287	298	24.13	1	2.93	1.95	3.90	410079	248	3353225	4
288	297	33.07	-1	2.18	2.31	2.05	421040	1133	3352623	1
288	298	58.63	-1	6.84	4.12	9.57	423030	4263	3351655	3
288	301	35.91	-1	2.40	2.51	2.30	438140	10886	3343864	2
289	297	177.48	1	11.88	12.73	11.04	424019	346	3351998	1
291	304	33.99	1	4.64	4.33	4.96	446941	68	3340299	2
292	304	29.06	1	5.11	5.98	4.25	447202	76	3335458	5
294	301	167.14	-1	10.50	10.19	10.81	439486	473	3334909	2
294	303	23.38	1	1.90	1.46	2.34	445116	109	3335102	8
295	302	940.14	1	14.74	15.04	14.45	433574	1032	3332935	103
295	303	124.74	1	7.23	1.99	12.47	435245	397	3341853	153
295	304	28.59	1	2.31	0.45	4.18	432987	197	3338397	22
297	304	41.27	1	4.28	2.57	6.00	428431	150	3337192	2
