332	Window=1	Metric=APC
i	j	Statistic	+/-	Zij	Zi	Zj	Mod_Depth	Mod_Comuts	Unt_Depth	Unt_Comuts
27	36	70.96	1	5.85	6.94	4.76	20010	294	3200731	5
27	65	30.66	1	4.28	2.91	5.64	19741	145	3132937	1
29	36	92.10	1	6.74	7.26	6.22	20411	259	3213165	10
29	80	42.64	1	4.53	3.26	5.81	20584	123	3221464	5
36	67	25.30	1	2.29	1.59	2.99	20205	135	3187630	6
67	98	20.59	1	3.13	2.29	3.97	19925	50	3226489	6
220	251	23.76	1	5.08	5.59	4.58	19013	136	3319414	1
225	233	45.39	1	5.92	4.07	7.76	17757	112	3323663	91
225	235	29.22	1	4.88	2.52	7.25	18577	94	3318679	79
