332	Window=3	Metric=PAIRMAPPER	
i	j	Sig.	Class	Zij	Zi	Zj	Mod_Depth	Mod_Comuts	Unt_Depth	Unt_Comuts
94	168	240.20	1	7.84	8.09	7.59	437910	1439	3372303	195
114	149	46.92	1	5.16	5.02	5.30	459229	163	3390869	64
115	148	27.60	1	3.08	2.81	3.35	457204	136	3380099	76
116	147	25.63	1	3.17	1.83	4.50	458532	177	3393820	151
122	137	106.61	1	6.61	3.71	9.50	446552	89	3396881	56
123	136	44.30	1	5.02	6.93	3.11	452981	312	3395564	50
201	271	53.03	1	4.31	4.05	4.56	449541	565	3376393	333
206	266	31.37	1	3.06	4.35	1.78	450649	327	3370770	143
212	260	63.23	1	5.32	7.14	3.49	453225	295	3377420	307
213	259	83.43	1	6.69	9.86	3.53	449141	225	3378323	81
32	41	84.82	2	7.82	4.27	11.38	434861	309	3264424	49
59	71	24.06	2	2.83	4.11	1.54	441387	946	3272323	128
60	70	167.27	2	9.16	8.91	9.40	440914	1273	3271747	241
67	80	70.95	2	4.73	5.23	4.24	387077	3797	3265721	121
67	285	56.25	2	3.20	4.15	2.25	419938	4468	3275920	25
78	104	43.87	2	2.96	2.41	3.51	379919	4012	3277608	242
79	103	60.32	2	3.90	3.44	4.37	382533	5214	3283356	122
89	187	33.91	2	2.75	2.20	3.30	455119	2272	3397833	480
92	167	168.27	2	4.34	4.16	4.51	439501	1509	3395327	109
93	169	123.19	2	3.67	2.86	4.48	428367	1362	3396600	175
95	167	149.08	2	6.25	8.50	4.00	438321	1430	3396565	229
109	154	573.36	2	11.92	10.43	13.42	435314	3270	3385166	91
170	223	113.84	2	2.70	4.29	1.10	428667	1866	3391299	339
171	183	222.24	2	6.22	7.73	4.71	436764	1772	3372402	35
172	182	32.34	2	3.44	1.04	5.85	438222	510	3391204	51
202	260	55.49	2	3.88	4.69	3.07	451585	304	3354992	178
211	261	102.29	2	6.47	6.35	6.59	453611	279	3386086	214
221	251	192.97	2	4.67	4.93	4.40	439369	2685	3387419	166
222	253	95.62	2	2.52	3.00	2.05	422407	1015	3371146	126
226	246	51.04	2	5.08	3.29	6.87	430995	883	3386704	54
228	248	56.80	2	4.18	0.90	7.46	432936	819	3378308	20
229	247	46.11	2	2.87	0.53	5.21	434073	1017	3358693	11
247	260	27.03	2	2.27	3.06	1.49	452872	217	3380118	108
248	259	24.43	2	2.12	3.21	1.03	445852	120	3371503	32
60	104	29.38	0	1.96	1.57	2.35	410639	1895	3279289	315
60	176	25.07	0	2.04	1.34	2.73	427107	2479	3264914	356
61	200	23.90	0	1.31	1.49	1.13	433068	709	3267858	128
64	176	28.62	0	3.30	3.47	3.12	417262	4344	3207950	184
64	183	26.69	0	1.90	3.24	0.57	416303	1889	3214114	53
66	286	80.71	0	4.21	4.79	3.63	426152	9572	3272850	49
80	102	26.66	0	1.77	1.59	1.95	379188	3738	3279879	187
83	193	26.44	0	2.87	4.43	1.30	409310	2044	3146869	35
98	165	69.51	0	4.01	2.80	5.22	433883	2983	3385485	65
223	252	43.40	0	0.67	0.41	0.93	433943	1508	3385274	314
