332	Window=1	Metric=APC
i	j	Statistic	+/-	Zij	Zi	Zj	Mod_Depth	Mod_Comuts	Unt_Depth	Unt_Comuts
20	36	25.92	-1	3.49	6.43	0.56	120940	192	3189780	6
20	70	40.68	1	9.63	10.10	9.16	154066	452	3202426	18
34	76	21.53	1	5.40	4.93	5.86	131534	94	3202432	2
34	278	20.83	1	4.38	4.77	3.98	129468	700	3225604	1
35	75	21.75	-1	7.23	7.03	7.43	153263	109	3206643	6
36	75	24.21	-1	4.40	0.53	8.28	118288	175	3210855	4
39	68	28.32	1	6.55	8.02	5.07	164661	57	3205385	5
41	63	20.26	1	4.70	5.49	3.91	168294	90	3192537	5
43	65	36.78	1	4.89	7.56	2.22	161471	60	3127026	0
49	56	299.07	-1	14.53	13.90	15.16	164072	738	3210540	3
49	59	68.21	1	8.09	3.17	13.02	168335	883	3227487	2
56	63	44.34	-1	5.39	2.24	8.54	162682	210	3203047	2
67	107	23.38	1	1.65	1.24	2.06	149294	114	3219623	5
80	96	41.39	1	3.83	1.98	5.67	157421	60	3253726	12
80	105	29.44	1	3.77	1.44	6.10	154012	174	3243773	2
80	107	25.98	1	1.78	1.28	2.29	147552	147	3249237	2
86	93	115.72	1	10.53	10.37	10.68	144193	415	3137941	47
89	102	25.61	1	4.39	6.35	2.44	169635	87	3377144	17
90	98	50.20	1	7.58	8.36	6.81	167612	63	3389033	38
93	100	43.24	-1	4.13	3.98	4.28	144262	128	3371657	2
93	102	60.56	-1	5.66	5.58	5.74	144790	316	3372829	16
93	108	29.24	-1	2.51	2.69	2.34	137819	475	3384324	2
96	108	27.20	1	2.97	3.76	2.18	160187	125	3384135	5
97	108	20.28	1	3.21	4.79	1.63	161318	88	3388035	5
100	108	34.06	1	3.06	3.40	2.72	156387	197	3373632	0
100	185	47.52	1	3.49	4.69	2.28	155064	107	3339229	0
100	288	25.34	1	3.52	2.56	4.49	135195	221	3357804	1
100	289	22.12	-1	2.24	2.25	2.23	138467	51	3356994	2
101	108	54.03	1	4.28	4.25	4.31	155927	416	3373437	0
101	158	20.71	1	1.89	1.65	2.13	157326	296	3372450	3
101	159	76.84	1	5.39	6.03	4.75	157033	264	3372774	7
101	288	35.35	1	4.53	2.79	6.26	134500	458	3357642	2
101	291	59.75	-1	5.46	4.70	6.22	141917	64	3357945	0
101	292	33.49	-1	4.62	2.65	6.60	150545	62	3352761	1
101	294	62.94	-1	3.93	4.95	2.92	150134	66	3348622	0
102	291	66.86	-1	6.65	6.33	6.96	142888	56	3359355	6
102	294	50.02	-1	3.53	4.74	2.32	151214	70	3350005	3
102	295	25.51	-1	3.02	2.43	3.61	157554	105	3357190	52
105	294	26.08	-1	3.31	5.40	1.22	151351	159	3349219	0
107	158	53.39	1	5.05	4.68	5.42	152449	387	3379000	6
107	159	117.64	1	8.76	10.28	7.24	152044	333	3379332	1
108	155	45.71	-1	3.96	3.65	4.27	152271	320	3368950	0
108	158	74.49	1	6.74	5.93	7.54	151421	429	3385388	2
108	159	86.73	1	6.13	6.91	5.35	151109	325	3385713	1
109	152	35.74	-1	7.57	8.70	6.45	167305	343	3365882	2
109	154	37.24	1	8.14	9.07	7.21	160177	1059	3370170	3
126	133	27.57	-1	7.73	8.51	6.95	170562	248	3367745	2
130	194	22.03	1	6.08	5.88	6.29	148652	142	3357983	3
133	141	27.68	-1	8.23	6.97	9.49	169026	435	3370620	2
152	160	42.87	1	8.18	7.72	8.64	165532	265	3366601	4
153	173	27.45	-1	3.60	6.27	0.93	160786	61	3345595	0
155	164	119.81	-1	12.22	11.20	13.24	153110	562	3360040	4
155	172	33.23	-1	2.81	3.10	2.52	153519	112	3352760	3
155	173	35.74	1	2.27	3.34	1.20	154937	334	3347328	0
157	164	46.41	-1	5.84	6.56	5.12	156419	522	3371950	0
157	173	67.37	-1	5.88	9.52	2.24	157615	86	3358882	5
158	165	52.65	-1	7.11	5.34	8.89	155691	75	3371223	2
161	169	22.58	1	4.53	5.17	3.89	151163	65	3322637	3
162	169	39.36	-1	8.82	10.85	6.78	147249	594	3319426	2
165	225	26.98	1	2.67	4.57	0.77	151486	141	3349701	38
169	225	38.97	-1	3.91	6.71	1.10	151417	86	3345771	27
172	185	121.92	1	7.46	9.14	5.79	155725	152	3336169	2
172	225	32.51	1	1.70	2.47	0.92	149777	122	3349225	26
173	181	300.06	1	9.59	9.89	9.28	164084	273	3359502	1
173	187	45.76	1	4.11	1.53	6.69	161765	384	3339523	0
173	288	24.93	-1	2.63	0.85	4.42	132161	136	3348023	2
173	289	35.09	-1	2.36	1.18	3.54	135162	71	3347220	2
173	290	28.40	1	3.16	0.96	5.35	142946	134	3348328	0
174	181	144.91	1	6.59	8.67	4.50	164900	135	3369605	2
174	187	22.85	1	2.35	1.38	3.33	162572	184	3349490	2
181	281	33.18	-1	4.38	1.06	7.70	155878	115	3350161	1
185	192	58.84	-1	7.63	2.82	12.43	144831	86	3238285	2
185	225	142.95	1	5.37	6.78	3.97	147303	179	3332486	36
187	195	71.49	1	12.27	10.46	14.07	155848	1954	3346665	6
194	205	22.92	1	4.52	6.54	2.49	146223	1725	3346486	0
202	271	24.28	1	5.51	4.98	6.05	170604	61	3334264	1
205	269	113.07	-1	12.49	12.36	12.63	158017	814	3335470	3
205	270	45.99	-1	6.34	5.02	7.66	159461	2707	3344177	5
205	273	49.03	-1	6.46	5.35	7.57	159102	303	3326085	42
208	217	57.83	1	6.16	8.67	3.64	159056	201	3329090	26
217	228	25.16	1	1.59	1.58	1.60	147682	613	3354141	5
217	231	25.01	-1	1.76	1.57	1.95	149217	446	3319468	12
217	237	202.82	-1	13.31	12.79	13.84	143286	439	3313596	0
217	238	37.15	1	3.58	2.34	4.82	144362	862	3323322	2
217	239	23.33	1	3.05	1.47	4.63	144529	843	3322286	7
219	228	59.32	-1	7.06	10.34	3.78	144541	593	3325083	0
219	229	32.37	1	3.71	5.63	1.79	143594	925	3296050	1
219	237	34.55	1	4.18	6.01	2.35	140229	1385	3284807	2
220	227	230.97	-1	11.60	12.45	10.75	148946	253	3310456	1
220	228	147.63	-1	8.68	7.95	9.41	150563	497	3321826	1
220	229	42.00	-1	2.29	2.25	2.33	149415	616	3292784	2
221	228	123.60	-1	6.52	5.16	7.88	155244	214	3343265	2
221	229	196.76	-1	9.57	8.21	10.93	153726	174	3313871	4
221	230	105.39	-1	6.57	4.40	8.73	154857	234	3312373	1
221	231	53.15	-1	3.18	2.22	4.14	155753	330	3308516	0
221	251	74.25	1	4.31	3.10	5.52	160899	778	3340284	3
221	254	166.11	-1	7.69	6.93	8.45	156079	116	3339394	4
223	231	21.91	1	4.26	6.83	1.70	157952	155	3319386	19
224	231	99.84	1	6.75	5.71	7.79	155864	354	3318826	6
224	251	125.02	-1	8.22	7.14	9.30	159844	87	3350432	2
224	254	70.23	1	3.80	4.02	3.58	155020	240	3350076	4
225	233	254.05	1	10.13	7.04	13.22	143652	402	3323663	91
225	235	227.44	1	9.70	6.30	13.10	146526	409	3318679	79
225	238	21.27	1	1.68	0.61	2.75	145153	312	3322506	28
226	234	32.34	1	4.90	5.86	3.94	144662	108	3328245	11
227	234	77.90	-1	6.53	3.63	9.43	146169	57	3323697	3
227	235	29.67	1	1.55	1.39	1.71	145534	423	3312544	1
227	254	45.27	-1	2.21	2.11	2.32	149498	100	3343211	2
229	245	30.91	1	3.25	1.71	4.78	155919	1100	3274754	3
229	251	30.86	-1	2.00	1.71	2.29	155551	398	3325880	0
229	254	104.06	1	5.54	5.78	5.30	151054	457	3325762	0
230	243	65.71	-1	8.98	5.44	12.51	146877	438	3286011	3
230	251	71.79	-1	5.64	5.95	5.34	157083	348	3324472	0
230	254	54.45	1	3.65	4.51	2.78	152552	409	3324070	2
231	251	78.35	-1	5.97	6.11	5.83	158440	408	3321021	2
231	254	89.90	1	5.79	7.01	4.58	153787	504	3320111	2
232	239	57.80	1	9.35	7.23	11.47	146230	162	3316960	8
237	244	25.49	1	4.09	1.74	6.45	148968	1305	3266562	2
238	245	89.80	-1	12.79	11.65	13.93	154876	1103	3273727	2
244	251	29.35	-1	4.80	7.42	2.18	159477	780	3304096	2
256	270	55.27	-1	10.27	11.32	9.21	158500	739	3354760	1
259	270	24.53	1	3.92	3.77	4.08	170565	105	3347765	1
261	271	20.70	1	4.69	4.22	5.17	171718	110	3345457	2
263	270	21.39	1	4.64	5.73	3.55	171467	223	3350287	14
273	290	23.53	1	4.05	3.66	4.44	148798	103	3336587	23
278	289	34.50	1	5.03	6.58	3.48	130922	364	3354335	2
278	301	34.84	1	4.83	6.64	3.02	154400	1427	3339174	2
281	288	28.71	-1	5.87	6.66	5.08	132590	418	3344664	1
286	295	30.12	1	6.04	7.81	4.26	145934	330	3358087	25
287	294	139.55	1	6.73	7.02	6.44	141103	91	3351514	4
287	295	25.60	1	2.45	1.27	3.62	144817	64	3358535	30
289	297	98.78	1	10.29	9.94	10.63	133133	322	3351998	1
294	301	168.16	-1	11.20	7.76	14.64	153027	411	3334909	2
295	303	50.98	1	7.94	7.19	8.69	161807	161	3341853	153
