332	Window=3	Metric=PAIRMAPPER	
i	j	Sig.	Class	Zij	Zi	Zj	Mod_Depth	Mod_Comuts	Unt_Depth	Unt_Comuts
43	64	108.83	1	8.08	10.69	5.46	163673	151	3203028	37
171	183	122.51	1	7.19	6.52	7.86	159692	335	3372402	35
201	271	36.68	1	4.53	4.96	4.09	171270	213	3376393	333
213	259	51.48	1	6.40	8.11	4.69	171015	99	3378323	81
222	253	54.92	1	3.58	4.65	2.51	159778	371	3371146	126
44	63	51.29	2	6.69	8.44	4.93	162526	142	3248197	39
62	80	39.73	2	5.05	7.78	2.33	151525	193	3251225	79
78	104	29.56	2	3.53	1.78	5.29	157505	344	3277608	242
168	282	25.74	2	6.53	6.17	6.90	161205	706	3353341	113
221	251	53.09	2	4.24	4.94	3.54	167386	987	3387419	166
223	252	50.45	2	2.26	2.13	2.39	162046	513	3385274	314
226	246	30.88	2	5.05	3.99	6.11	164401	359	3386704	54
228	248	24.31	2	2.58	0.90	4.27	164799	312	3378308	20
20	68	25.22	0	7.79	6.84	8.73	165319	656	3256035	178
109	154	82.79	0	8.64	8.97	8.31	160113	2902	3385166	91
