1 0.31137
2 0.31137
3 -0.253606
4 0.0288819
5 0.452614
6 0.735102
7 -0.253606
8 0.0288819
9 0.240748
10 0.805724
11 1.44132
12 0.381992
13 2.99501
14 1.22946
15 1.79443
16 0.66448
17 1.15883
18 0.523236
19 0.170126
20 4.54869
21 1.65319
22 1.44132
23 0.946968
24 1.58257
25 0.0288819
26 0.0288819
27 0.381992
28 1.3707
29 1.30008
30 1.44132
31 0.0995039
32 2.78314
33 2.07692
34 1.15883
35 2.43003
36 0.593858
37 0.0995039
38 -0.112362
39 0.240748
40 1.79443
41 1.79443
42 2.28879
43 2.35941
44 5.60802
45 1.51194
46 2.28879
47 1.65319
48 3.34812
49 4.12496
50 1.44132
51 0.946968
52 1.08821
53 2.14754
54 1.93568
55 0.735102
56 1.44132
57 0.0995039
58 1.3707
59 0.735102
60 2.50065
61 2.92439
62 2.92439
63 6.173
64 6.173
65 4.9018
66 4.83118
67 6.173
68 4.9018
69 1.22946
70 3.2775
71 3.2775
72 3.34812
73 2.28879
74 3.34812
75 2.35941
76 3.13625
77 2.28879
78 5.60802
79 0.946968
80 1.58257
81 1.01759
82 2.92439
83 1.65319
84 0.735102
85 2.92439
86 3.77185
87 3.63061
88 1.65319
89 1.22946
90 3.48936
91 2.21817
92 1.15883
93 0.735102
94 1.58257
95 0.452614
96 1.44132
97 2.35941
98 0.805724
99 0.876346
100 0.805724
101 2.14754
102 2.71252
103 0.381992
104 1.30008
105 2.0063
106 0.240748
107 0.31137
108 1.01759
109 -0.112362
110 0.876346
111 1.58257
112 0.452614
113 1.72381
114 1.79443
115 2.14754
116 0.876346
117 0.946968
118 0.170126
119 0.240748
120 1.30008
121 1.08821
122 0.593858
123 0.31137
124 1.30008
125 0.452614
126 1.93568
127 1.15883
128 1.72381
129 2.28879
130 1.86506
131 1.3707
132 0.735102
133 2.78314
134 0.452614
135 1.93568
136 0.0288819
137 1.3707
138 4.83118
139 2.35941
140 0.66448
141 0.0288819
142 0.240748
143 0.805724
144 4.76056
145 5.67865
146 1.72381
147 4.05434
148 2.35941
149 0.452614
150 -1.5248
151 -0.0417402
152 2.21817
153 1.15883
154 1.15883
155 1.15883
156 1.79443
157 0.452614
158 2.85376
159 1.65319
160 1.15883
161 0.805724
162 3.06563
163 2.71252
164 2.92439
165 0.452614
166 1.22946
167 -0.677339
168 -1.10107
169 4.12496
170 4.12496
171 4.12496
172 2.07692
173 1.15883
174 4.76056
175 3.2775
176 2.21817
177 3.98372
178 3.2775
179 4.47807
180 3.34812
181 3.98372
182 2.43003
183 5.74927
184 0.0995039
185 2.71252
186 -0.253606
187 2.92439
188 2.21817
189 4.2662
190 1.15883
191 0.66448
192 0.31137
193 3.77185
194 5.46678
195 5.39616
196 2.07692
197 4.68994
198 3.13625
199 3.84247
200 5.32554
201 0.523236
202 2.14754
203 1.65319
204 1.08821
205 -0.818583
206 2.28879
207 1.86506
208 4.05434
209 5.74927
210 3.20687
211 6.173
212 4.9018
213 5.74927
214 4.83118
215 2.43003
216 2.71252
217 1.72381
218 1.72381
219 2.43003
220 0.805724
221 0.523236
222 -0.112362
223 3.13625
224 0.381992
225 3.91309
226 0.946968
227 0.31137
228 1.15883
229 1.86506
230 4.05434
231 3.48936
232 4.47807
233 2.99501
234 2.35941
235 5.74927
236 5.46678
237 2.35941
238 2.35941
239 2.43003
240 2.35941
241 1.30008
242 4.12496
243 2.35941
244 3.84247
245 2.21817
246 2.50065
247 3.91309
248 3.91309
249 4.61932
250 4.54869
251 5.39616
252 4.61932
253 2.6419
254 4.9018
255 5.74927
256 3.13625
257 2.99501
258 2.35941
259 0.452614
260 0.381992
261 0.452614
262 3.84247
263 3.84247
264 2.6419
265 4.19558
266 2.85376
267 3.84247
268 3.84247
269 1.58257
270 3.91309
271 0.31137
272 2.07692
273 0.735102
274 1.08821
275 0.735102
276 0.0995039
277 0.735102
278 -0.324228
279 -0.606717
280 2.21817
281 2.28879
282 3.20687
283 2.43003
284 2.35941
285 2.14754
286 1.15883
287 1.86506
288 1.22946
289 0.805724
290 2.35941
291 0.946968
292 2.14754
293 1.86506
294 -0.324228
295 2.14754
296 0.240748
297 0.170126
298 2.78314
299 0.735102
300 1.65319
301 0.240748
302 3.98372
303 4.05434
304 4.05434
305 3.06563
306 2.35941
307 3.20687
308 1.79443
309 1.65319
310 -0.112362
311 0.805724
312 1.44132
313 1.58257
314 2.78314
315 1.93568
316 0.0995039
317 0.735102
318 1.01759
319 0.31137
320 2.99501
321 1.22946
322 1.08821
323 1.93568
324 0.735102
325 3.77185
326 1.44132
327 0.735102
328 3.20687
329 0.31137
330 1.08821
331 0.381992
332 1.65319
333 -0.465472
334 0.0995039
335 0.523236
336 0.240748
337 0.240748
338 2.43003
339 5.60802
340 3.98372
341 2.07692
342 1.93568
343 2.35941
344 3.2775
345 2.35941
346 0.452614
347 1.58257
348 1.51194
349 0.523236
350 5.04305
351 2.07692
352 0.946968
353 0.170126
354 0.946968
355 0.381992
356 1.51194
357 0.31137
358 2.14754
359 2.28879
360 0.452614
361 1.79443
362 2.99501
363 1.51194
364 2.78314
365 0.31137
366 -0.39485
367 1.51194
368 0.31137
369 1.08821
370 0.66448
371 0.0995039
372 -0.465472
373 1.01759
374 1.93568
375 1.15883
376 0.946968
377 0.381992
378 1.51194
379 1.72381
380 1.30008
381 4.76056
382 3.06563
383 2.35941
384 1.79443
385 3.06563
386 3.13625
387 1.65319
388 3.06563
389 1.15883
390 0.381992
391 -0.112362
392 0.31137
393 3.06563
394 0.735102
395 1.51194
396 1.72381
397 3.20687
398 3.98372
399 2.35941
400 5.60802
401 4.05434
402 1.51194
403 2.35941
404 1.22946
405 1.65319
406 0.170126
407 -0.253606
408 2.35941
409 0.31137
410 -0.0417402
411 0.805724
412 0.381992
413 -0.0417402
414 2.99501
415 3.20687
416 3.98372
417 2.99501
418 2.99501
419 2.92439
420 3.20687
421 2.43003
422 3.2775
423 2.28879
424 3.2775
425 2.07692
426 1.72381
427 0.66448
428 2.0063
429 0.946968
430 -0.112362
431 2.14754
432 1.65319
433 1.08821
434 -0.324228
435 1.86506
436 1.01759
437 1.01759
438 0.523236
439 2.78314
440 1.58257
441 0.240748
442 -0.536094
443 0.240748
444 -0.182984
445 1.15883
446 0.0995039
447 1.08821
448 1.15883
449 0.0995039
450 0.523236
451 -0.889205
452 0.946968
453 0.381992
454 0.170126
455 2.0063
456 -2.72538
457 0.0995039
458 1.15883
459 0.805724
460 2.07692
461 1.08821
462 0.805724
463 2.14754
464 2.99501
465 1.58257
466 3.06563
467 -0.0417402
468 0.523236
469 1.72381
470 -0.112362
471 1.08821
472 1.08821
473 0.0288819
474 0.805724
475 1.15883
476 0.735102
477 0.31137
478 1.58257
479 1.22946
480 -0.253606
481 0.0288819
482 0.31137
483 0.0288819
484 -0.39485
485 0.170126
486 2.78314
487 1.08821
488 2.50065
489 0.66448
490 1.01759
491 0.381992
492 1.30008
493 1.08821
494 -0.677339
495 0.66448
496 0.523236
497 0.876346
498 0.381992
499 1.58257
500 0.805724
501 0.381992
502 -0.0417402
503 0.0995039
504 0.0288819
505 1.22946
506 -2.65476
507 0.946968
508 0.946968
509 -0.0417402
510 -0.324228
511 0.593858
512 0.946968
513 0.31137
514 2.07692
515 1.72381
516 2.14754
517 0.240748
518 0.0995039
519 0.170126
520 0.593858
521 4.54869
522 1.65319
523 2.14754
524 3.70123
525 4.40745
526 4.05434
527 3.13625
528 5.46678
529 2.21817
530 2.21817
531 0.0288819
532 2.6419
533 2.28879
534 1.44132
535 0.240748
536 3.70123
537 2.35941
538 3.20687
539 1.72381
540 1.3707
541 2.28879
542 1.15883
543 -0.182984
544 0.0288819
545 2.14754
546 2.99501
547 0.31137
548 5.60802
549 1.51194
550 3.2775
551 3.20687
552 6.03176
553 3.2775
554 5.60802
555 4.76056
556 2.14754
557 1.30008
558 3.20687
559 0.452614
560 1.15883
561 3.20687
562 1.22946
563 1.93568
564 1.01759
565 2.71252
566 3.06563
567 4.54869
568 2.28879
569 3.20687
570 5.5374
571 0.452614
572 3.98372
573 5.5374
574 4.76056
575 5.60802
576 5.60802
577 5.60802
578 5.60802
579 5.60802
580 2.35941
581 5.74927
582 4.9018
583 3.2775
584 4.12496
585 4.12496
586 4.12496
587 1.79443
588 2.35941
589 4.83118
590 4.9018
591 2.14754
592 2.14754
593 0.0995039
594 1.3707
595 2.28879
596 0.66448
597 3.63061
598 1.51194
599 1.58257
600 2.14754
601 5.39616
602 5.60802
603 4.68994
604 5.60802
605 3.34812
606 5.74927
607 4.9018
608 4.05434
609 3.34812
610 1.51194
611 0.31137
612 0.381992
613 5.74927
614 5.74927
615 3.84247
616 2.99501
617 2.35941
618 0.523236
619 0.240748
620 2.43003
621 5.74927
622 3.98372
623 5.74927
624 2.71252
625 4.12496
626 2.35941
627 5.74927
628 5.39616
629 3.2775
630 5.74927
631 2.14754
632 3.34812
633 3.34812
634 1.22946
635 3.34812
636 1.72381
637 4.40745
638 1.72381
639 -0.112362
640 2.21817
641 3.98372
642 3.98372
643 3.98372
644 2.99501
645 1.15883
646 3.2775
647 4.9018
648 1.08821
649 1.3707
650 2.50065
651 0.381992
652 -0.253606
653 -0.253606
654 1.72381
655 1.58257
656 0.452614
657 1.58257
658 2.07692
659 1.65319
660 1.51194
661 -0.182984
662 0.31137
663 0.66448
664 1.15883
665 3.41874
666 1.65319
667 2.85376
668 1.01759
669 1.08821
670 0.0288819
671 2.14754
672 0.0288819
673 3.70123
674 1.51194
675 0.170126
676 0.593858
677 0.66448
678 2.43003
679 0.805724
680 1.01759
681 0.946968
682 0.876346
683 2.50065
684 0.0995039
685 -0.112362
686 1.65319
687 0.452614
688 0.805724
689 2.28879
690 4.12496
691 4.54869
692 4.9018
693 3.2775
694 3.13625
695 1.72381
696 3.06563
697 4.05434
698 1.08821
699 0.805724
700 0.452614
701 1.93568
702 0.735102
703 1.44132
704 2.14754
705 -0.182984
706 -0.536094
707 1.01759
708 1.65319
709 0.240748
710 -0.677339
711 0.735102
712 0.381992
713 1.58257
714 0.0288819
715 -0.324228
716 1.01759
717 1.08821
718 0.170126
719 0.805724
720 3.55998
721 0.452614
722 -1.03045
723 -0.324228
724 -1.10107
725 0.0288819
726 1.58257
727 1.65319
728 0.735102
729 -0.253606
730 0.0995039
731 -0.0417402
732 0.170126
733 0.381992
734 2.57128
735 0.31137
736 0.593858
737 1.01759
738 -0.112362
739 -0.112362
740 0.240748
741 2.57128
742 -0.112362
743 -1.59543
744 0.0288819
745 -0.112362
746 0.381992
747 -1.31294
748 0.735102
749 0.66448
750 0.0288819
751 -0.112362
752 0.66448
753 -1.17169
754 -0.39485
755 -0.182984
756 0.240748
757 1.08821
758 -0.112362
759 0.240748
760 -0.112362
761 -1.03045
762 -1.87791
763 -0.253606
764 0.31137
765 1.79443
766 1.01759
767 0.66448
768 1.22946
769 2.78314
770 1.01759
771 2.14754
772 0.0995039
773 1.79443
774 0.876346
775 1.01759
776 -0.677339
777 -1.10107
778 -0.39485
779 1.08821
780 1.08821
781 1.58257
782 1.44132
783 1.58257
784 3.63061
785 1.58257
786 1.65319
787 2.78314
788 0.0288819
789 -0.606717
790 -2.51351
791 -0.182984
792 0.0288819
793 0.381992
794 -0.0417402
795 0.876346
796 1.51194
797 -0.0417402
798 2.0063
799 0.593858
800 2.28879
801 1.51194
802 0.735102
803 0.593858
804 0.876346
805 0.0995039
806 0.946968
807 2.0063
808 1.30008
809 0.240748
810 0.0995039
811 0.735102
812 1.30008
813 1.08821
814 -0.465472
815 1.65319
816 0.31137
817 0.381992
818 1.51194
819 0.31137
820 -0.0417402
821 1.22946
822 0.170126
823 1.15883
824 1.22946
825 1.22946
826 -0.959827
827 0.66448
828 1.08821
829 0.240748
830 0.31137
831 0.66448
832 0.0288819
833 -0.182984
834 -0.182984
835 3.13625
836 4.61932
837 4.61932
838 1.65319
839 0.0288819
840 1.58257
841 0.523236
842 0.381992
843 1.22946
844 -0.0417402
845 0.0288819
846 0.0288819
847 0.0288819
848 0.0288819
849 0.805724
850 -0.112362
851 -0.324228
852 -0.606717
853 0.0288819
854 1.22946
855 -0.0459213
856 0.775528
857 1.89569
858 0.476819
859 1.14891
860 0.70085
861 0.17811
862 0.252787
863 0.850205
864 0.551496
865 0.999559
866 0.327465
867 1.67165
868 -0.568661
869 0.775528
870 -0.0459213
871 1.14891
872 0.17811
873 0.252787
874 0.551496
875 -0.419307
876 0.775528
877 -0.0459213
878 -0.493984
879 1.5223
880 2.19439
881 0.17811
882 2.41843
883 -0.419307
884 0.626173
885 0.999559
886 0.252787
887 0.999559
888 0.476819
889 0.999559
890 -0.269953
891 0.252787
892 0.17811
893 0.327465
894 -0.419307
895 -0.34463
896 0.476819
897 0.402142
898 -1.16608
899 -0.120598
900 0.626173
901 0.103433
902 -0.269953
903 0.252787
904 -1.46479
905 0.476819
906 -0.120598
907 0.0287559
908 -0.34463
909 -0.195276
910 0.775528
911 0.103433
912 -1.39011
913 1.29827
914 1.29827
915 1.29827
916 0.327465
917 3.23987
918 1.22359
919 0.327465
920 1.67165
921 0.551496
922 0.551496
923 0.402142
924 2.11972
925 0.0287559
926 1.14891
927 1.82101
928 0.402142
929 -0.269953
930 -0.269953
931 -0.269953
932 2.34375
933 1.82101
934 1.29827
935 -1.39011
936 2.64246
937 0.327465
938 1.29827
939 0.103433
940 -1.24076
941 0.252787
942 0.327465
943 1.22359
944 2.41843
945 2.19439
946 1.37294
947 0.850205
948 0.476819
949 1.22359
950 0.924882
951 1.59698
952 1.22359
953 1.97036
954 0.70085
955 2.56778
956 0.252787
957 0.476819
958 0.103433
959 2.4931
960 -0.269953
961 3.61326
962 3.38923
963 0.70085
964 2.79181
965 2.86649
966 0.17811
967 -0.419307
968 0.17811
969 0.402142
970 0.0287559
971 2.11972
972 1.37294
973 0.775528
974 0.103433
975 0.0287559
976 0.70085
977 -0.0459213
978 -0.643339
979 -0.269953
980 2.26907
981 -0.419307
982 0.17811
983 0.17811
984 0.70085
985 2.11972
986 -0.493984
987 -0.195276
988 0.775528
989 0.402142
990 1.29827
991 0.775528
992 0.850205
993 0.924882
994 0.252787
995 0.626173
996 0.70085
997 -0.195276
998 1.97036
999 -0.34463
1000 -0.0459213
1001 0.252787
1002 0.252787
1003 0.775528
1004 0.775528
1005 0.402142
1006 0.17811
1007 1.89569
1008 0.17811
1009 2.04504
1010 1.82101
1011 0.551496
1012 0.0287559
1013 -0.568661
1014 2.11972
1015 0.0287559
1016 0.0287559
1017 -0.269953
1018 0.17811
1019 3.53858
1020 -0.0459213
1021 0.103433
1022 0.402142
1023 0.402142
1024 -0.493984
1025 -0.34463
1026 -0.718016
1027 -0.718016
1028 -0.718016
1029 0.999559
1030 -0.34463
1031 -1.91285
1032 0.17811
1033 0.17811
1034 -0.0459213
1035 0.103433
1036 -0.0459213
1037 0.476819
1038 0.924882
1039 0.402142
1040 0.402142
1041 1.37294
1042 0.103433
1043 0.17811
1044 -0.493984
1045 -0.34463
1046 -0.0459213
1047 0.0287559
1048 0.626173
1049 -0.568661
1050 1.14891
1051 -1.0914
1052 -0.0459213
1053 -0.0459213
1054 0.103433
1055 -0.269953
1056 -0.269953
1057 0.476819
1058 -1.91285
1059 -0.195276
1060 -0.0459213
1061 0.17811
1062 -0.568661
1063 -0.643339
1064 0.327465
1065 -1.53946
1066 0.924882
1067 -0.419307
1068 -0.0459213
1069 1.59698
1070 1.37294
1071 -0.643339
1072 1.37294
1073 -0.34463
1074 1.74633
1075 2.41843
1076 1.89569
1077 -0.120598
1078 -0.0459213
1079 -0.120598
1080 0.775528
1081 -0.0459213
1082 0.775528
1083 1.07424
1084 0.70085
1085 0.103433
1086 1.89569
1087 0.327465
1088 0.17811
1089 0.0287559
1090 2.19439
1091 0.17811
1092 -0.643339
1093 -0.120598
1094 -0.568661
1095 -0.493984
1096 2.34375
1097 -0.34463
1098 0.70085
1099 0.775528
1100 0.775528
1101 1.97036
1102 0.103433
1103 0.402142
1104 0.252787
1105 -0.195276
1106 -0.34463
1107 -0.195276
1108 0.70085
1109 1.67165
1110 0.103433
1111 -0.0459213
1112 -0.0459213
1113 0.103433
1114 0.626173
1115 0.103433
1116 -1.0914
1117 0.103433
1118 0.17811
1119 -0.269953
1120 0.402142
1121 -0.568661
1122 -0.120598
1123 -0.120598
1124 0.626173
1125 -0.419307
1126 0.17811
1127 0.70085
1128 0.0287559
1129 -0.120598
1130 1.07424
1131 0.0287559
1132 0.850205
1133 0.402142
1134 0.775528
1135 3.1652
1136 0.327465
1137 -0.120598
1138 0.402142
1139 0.775528
1140 -0.195276
1141 0.327465
1142 3.23987
1143 -0.568661
1144 1.22359
1145 0.70085
1146 -0.34463
1147 -0.493984
1148 -0.269953
1149 0.327465
1150 2.56778
1151 1.74633
1152 0.70085
1153 2.04504
1154 0.476819
1155 0.402142
1156 1.22359
1157 4.136
1158 2.64246
1159 4.136
1160 2.04504
1161 0.775528
1162 0.850205
1163 0.850205
1164 2.11972
1165 1.37294
1166 2.64246
1167 0.551496
1168 2.11972
1169 -0.942047
1170 0.70085
1171 -0.419307
1172 0.70085
1173 0.70085
1174 2.04504
1175 1.97036
1176 1.14891
1177 0.999559
1178 0.402142
1179 0.252787
1180 1.37294
1181 -1.0914
1182 -0.493984
1183 2.4931
1184 0.775528
1185 3.31455
1186 1.59698
1187 0.999559
1188 1.07424
1189 0.551496
1190 -0.0459213
1191 0.0287559
1192 -0.195276
1193 -0.34463
1194 0.850205
1195 -0.0459213
1196 -0.120598
1197 1.07424
1198 0.252787
1199 0.402142
1200 1.82101
1201 1.22359
1202 1.89569
1203 0.252787
1204 1.14891
1205 0.626173
1206 1.5223
1207 0.252787
1208 1.07424
1209 2.26907
1210 -0.195276
1211 -0.34463
1212 2.34375
1213 0.103433
1214 1.07424
1215 -0.269953
1216 -0.0459213
1217 1.44762
1218 -0.34463
1219 1.07424
1220 0.850205
1221 0.850205
1222 1.37294
1223 3.09052
1224 -0.120598
1225 3.38923
1226 0.70085
1227 2.26907
1228 1.5223
1229 1.97036
1230 1.29827
1231 0.476819
1232 0.402142
1233 -0.792693
1234 0.775528
1235 0.402142
1236 0.0287559
1237 0.402142
1238 -0.643339
1239 0.999559
1240 0.0287559
1241 0.999559
1242 0.402142
1243 0.402142
1244 3.38923
1245 0.924882
1246 3.01584
1247 1.07424
1248 2.04504
1249 -0.0459213
1250 0.924882
1251 0.103433
1252 0.850205
1253 3.53858
1254 2.11972
1255 0.402142
1256 -0.0459213
1257 1.37294
1258 0.924882
1259 -0.0459213
1260 -0.0459213
1261 2.34375
1262 0.402142
1263 1.37294
1264 -0.195276
1265 1.82101
1266 0.0287559
1267 1.44762
1268 2.41843
1269 0.17811
1270 1.67165
1271 0.327465
1272 1.89569
1273 1.07424
1274 -0.34463
1275 0.103433
1276 1.07424
1277 1.22359
1278 0.402142
1279 0.924882
1280 0.850205
1281 0.327465
1282 0.70085
1283 1.67165
1284 1.22359
1285 -0.0459213
1286 1.44762
1287 0.252787
1288 -0.493984
1289 -1.91285
1290 3.31455
1291 -0.419307
1292 1.97036
1293 0.476819
1294 0.775528
1295 0.476819
1296 0.103433
1297 0.551496
1298 0.252787
1299 0.327465
1300 -0.34463
1301 0.0287559
1302 1.59698
1303 1.67165
1304 0.327465
1305 0.327465
1306 0.999559
1307 -0.493984
1308 -0.0459213
1309 1.22359
1310 1.14891
1311 2.71713
1312 0.327465
1313 -3.10769
1314 0.103433
1315 0.924882
1316 0.252787
1317 1.22359
1318 0.327465
1319 0.70085
1320 0.103433
1321 0.0287559
1322 1.44762
1323 -0.419307
1324 0.327465
1325 0.551496
1326 -0.34463
1327 0.103433
1328 -0.195276
1329 1.89569
1330 0.0287559
1331 -0.120598
1332 0.327465
1333 1.14891
1334 -0.0459213
1335 1.14891
1336 0.402142
1337 0.17811
1338 -0.419307
1339 0.850205
1340 2.56778
1341 0.626173
1342 -0.792693
1343 -0.0459213
1344 0.252787
1345 0.551496
1346 1.74633
1347 0.551496
1348 1.37294
1349 0.103433
1350 0.775528
1351 -0.419307
1352 0.775528
1353 -0.120598
1354 0.775528
1355 -0.120598
1356 -1.68882
1357 0.626173
1358 0.402142
1359 0.999559
1360 0.17811
1361 0.70085
1362 0.775528
1363 3.01584
1364 -0.34463
1365 -0.419307
1366 0.17811
1367 1.44762
1368 0.103433
1369 0.476819
1370 0.924882
1371 0.0287559
1372 -0.120598
1373 -0.568661
1374 0.551496
1375 -0.419307
1376 2.41843
1377 1.44762
1378 0.103433
1379 1.07424
1380 -0.269953
1381 -0.195276
1382 0.252787
1383 -0.120598
1384 0.252787
1385 -0.269953
1386 0.551496
1387 1.74633
1388 1.07424
1389 0.70085
1390 2.71713
1391 3.38923
1392 0.402142
1393 0.70085
1394 0.252787
1395 -0.942047
1396 0.850205
1397 0.402142
1398 0.17811
1399 0.252787
1400 3.38923
1401 1.22359
1402 -0.120598
1403 1.37294
1404 2.26907
1405 0.17811
1406 -0.195276
1407 -0.195276
1408 0.551496
1409 1.89569
1410 -0.120598
1411 0.850205
1412 1.67165
1413 -0.269953
1414 0.0287559
1415 0.327465
1416 0.252787
1417 -0.792693
1418 -0.568661
1419 0.0287559
1420 -0.34463
1421 -0.419307
1422 0.252787
1423 0.476819
1424 0.327465
1425 -1.39011
1426 0.327465
1427 -0.195276
1428 0.327465
1429 1.37294
1430 -0.718016
1431 -0.34463
1432 -0.195276
1433 0.0287559
1434 0.0287559
1435 0.775528
1436 0.775528
1437 0.70085
1438 0.402142
1439 0.327465
1440 -0.120598
1441 -0.195276
1442 0.17811
1443 0.775528
1444 0.476819
1445 3.1652
1446 1.74633
1447 0.551496
1448 -0.120598
1449 -0.120598
1450 1.22359
1451 0.70085
1452 1.07424
1453 1.97036
1454 0.626173
1455 0.551496
1456 -0.0459213
1457 0.999559
1458 1.67165
1459 0.551496
1460 1.82101
1461 0.402142
1462 2.71713
1463 -1.01672
1464 -0.419307
1465 0.252787
1466 0.0287559
1467 -0.0459213
1468 0.327465
1469 -0.643339
1470 0.775528
1471 1.14891
1472 0.103433
1473 0.103433
1474 -0.34463
1475 0.70085
1476 0.70085
1477 2.4931
1478 3.91197
1479 3.31455
1480 0.70085
1481 2.64246
1482 0.327465
1483 1.44762
1484 1.44762
1485 1.44762
1486 0.626173
1487 1.14891
1488 1.59698
1489 3.91197
1490 3.91197
1491 1.59698
1492 1.89569
1493 3.31455
1494 0.999559
1495 1.5223
1496 1.82101
1497 0.17811
1498 0.103433
1499 1.97036
1500 1.37294
1501 3.23987
1502 3.83729
1503 0.70085
1504 -0.0459213
1505 1.5223
1506 0.252787
1507 0.252787
1508 0.103433
1509 1.14891
1510 1.89569
1511 1.07424
1512 0.0287559
1513 2.41843
1514 2.41843
1515 0.70085
1516 0.252787
1517 1.82101
1518 3.31455
1519 1.14891
1520 3.91197
1521 1.97036
1522 3.31455
1523 1.22359
1524 3.31455
1525 -0.269953
1526 0.0287559
1527 1.82101
1528 -0.120598
1529 -0.269953
1530 0.850205
1531 -0.419307
1532 0.924882
1533 0.476819
1534 0.476819
1535 0.551496
1536 0.252787
1537 0.402142
1538 0.17811
1539 -1.16608
1540 -0.0459213
1541 -0.120598
1542 -0.493984
1543 0.999559
1544 0.626173
1545 0.0287559
1546 -0.0459213
1547 0.775528
1548 0.999559
1549 0.626173
1550 -0.493984
1551 -0.34463
1552 3.83729
1553 -0.0459213
1554 1.59698
1555 0.252787
1556 1.44762
1557 0.924882
1558 -0.195276
1559 -0.792693
1560 -0.269953
1561 0.924882
1562 2.26907
1563 1.22359
1564 -0.0459213
1565 -0.195276
1566 1.44762
1567 -2.13688
1568 0.850205
1569 -0.195276
1570 1.5223
1571 -0.34463
1572 -0.269953
1573 -0.120598
1574 -1.39011
1575 -1.0914
1576 -0.195276
1577 0.402142
1578 0.850205
1579 0.775528
1580 -0.419307
1581 -1.24076
1582 -0.86737
1583 0.924882
1584 -1.61414
1585 0.0287559
1586 0.252787
1587 0.17811
1588 0.103433
1589 0.924882
1590 0.17811
1591 -0.568661
1592 -0.419307
1593 -0.568661
1594 -0.195276
1595 -2.13688
1596 -1.68882
1597 -1.24076
1598 -1.01672
1599 0.0287559
1600 -2.0622
1601 -1.0914
1602 0.17811
1603 -1.31543
1604 -0.269953
1605 0.103433
1606 0.476819
1607 1.44762
1608 0.103433
1609 -0.269953
1610 0.103433
1611 0.17811
1612 0.17811
1613 -0.493984
1614 -0.34463
1615 -0.419307
1616 -1.24076
1617 -0.568661
1618 -0.269953
1619 0.626173
1620 1.37294
1621 0.626173
1622 2.64246
1623 0.626173
1624 -0.120598
1625 0.327465
1626 0.103433
1627 0.103433
1628 -0.86737
1629 -0.269953
1630 -0.493984
1631 -1.24076
1632 -0.0459213
1633 0.999559
1634 0.0287559
1635 -0.195276
1636 0.476819
1637 1.37294
1638 -0.942047
1639 -1.0914
1640 -1.31543
1641 -0.493984
1642 -0.568661
1643 -0.34463
1644 0.103433
1645 -0.269953
1646 0.327465
1647 -1.46479
1648 -0.568661
1649 -0.643339
1650 -1.31543
1651 -0.718016
1652 -1.0914
1653 0.17811
1654 0.775528
1655 0.103433
1656 0.103433
1657 -0.942047
1658 -0.269953
1659 -1.01672
1660 -1.61414
1661 -1.31543
1662 -0.195276
1663 -0.0459213
1664 -2.7343
1665 -3.25704
1666 0.0287559
1667 -1.39011
1668 -0.120598
1669 -0.120598
1670 -0.0459213
1671 0.0287559
1672 -0.195276
1673 1.07424
1674 0.252787
1675 -0.0459213
1676 -0.419307
1677 -1.0914
1678 0.0287559
1679 0.402142
1680 -0.718016
1681 -0.419307
1682 -0.568661
1683 -0.419307
1684 0.17811
1685 0.626173
1686 -0.643339
1687 -0.643339
1688 -0.269953
1689 -2.13688
1690 -0.493984
1691 -1.01672
1692 -0.942047
1693 0.17811
1694 0.402142
1695 -1.91285
1696 -0.493984
1697 -0.34463
1698 0.402142
1699 0.327465
1700 -0.718016
1701 -0.269953
1702 -0.792693
1703 -0.419307
1704 0.103433
1705 0.476819
1706 -0.568661
1707 -0.718016
1708 0.70085
1709 -1.39011
1710 0.103433
1711 0.402142
1712 0.476819
1713 -1.68882
1714 -1.16608
1715 0.0287559
1716 -1.24076
1717 0.252787
1718 -0.718016
1719 -3.48107
1720 -0.269953
1721 0.327465
1722 0.402142
1723 -0.0459213
1724 -0.419307
1725 -0.195276
1726 0.252787
1727 -0.643339
1728 -1.7635
1729 -1.31543
1730 -0.0459213
1731 -1.31543
1732 0.103433
1733 -1.46479
1734 -1.31543
1735 -1.16608
1736 -1.16608
1737 0.402142
1738 -0.493984
1739 0.17811
1740 0.17811
1741 1.59698
1742 -0.120598
1743 0.103433
1744 -0.568661
1745 -0.195276
1746 -1.39011
1747 -1.31543
1748 -0.493984
1749 -1.01672
1750 -2.0622
1751 -0.86737
1752 -0.0459213
1753 -0.568661
1754 1.14891
1755 -0.120598
1756 -0.419307
1757 -0.643339
1758 -0.269953
1759 -0.269953
1760 -0.195276
1761 -2.36091
1762 0.0287559
1763 -0.419307
1764 -1.16608
1765 0.551496
1766 -1.24076
1767 -0.792693
1768 -1.31543
1769 0.551496
1770 -1.24076
1771 -0.568661
1772 -0.942047
1773 -0.195276
1774 0.103433
1775 -1.01672
1776 -1.24076
1777 -0.568661
1778 -0.568661
1779 -1.01672
1780 0.0287559
1781 -0.195276
1782 0.327465
1783 0.252787
1784 -1.31543
1785 -1.0914
1786 -0.195276
1787 0.327465
1788 -0.942047
1789 -0.568661
1790 -2.0622
1791 -0.493984
1792 -1.24076
1793 -3.48107
1794 -2.28624
1795 -0.419307
1796 -1.39011
1797 -0.419307
1798 0.252787
1799 -2.88365
1800 -0.419307
1801 -1.01672
1802 -0.120598
1803 -1.01672
1804 0.103433
1805 -0.0459213
1806 -1.0914
1807 -0.34463
1808 -0.0459213
1809 0.551496
1810 -0.195276
1811 -0.195276
1812 -0.419307
1813 -1.16608
1814 -0.195276
1815 -0.195276
1816 -1.01672
1817 -0.0459213
1818 0.103433
1819 0.551496
1820 -2.95833
1821 -1.0914
1822 -0.34463
1823 -0.34463
1824 -5.348
1825 -0.718016
1826 0.17811
1827 -0.120598
1828 -2.36091
1829 -1.01672
1830 -0.120598
1831 -1.24076
1832 -1.01672
1833 -2.95833
1834 -1.61414
1835 -0.34463
1836 -0.643339
1837 -0.493984
1838 -0.269953
1839 -0.419307
1840 -1.31543
1841 -0.34463
1842 -0.568661
1843 0.252787
1844 -1.01672
1845 -2.88365
1846 -0.120598
1847 -0.120598
1848 -0.195276
1849 -0.269953
1850 -0.419307
1851 1.44762
1852 0.327465
1853 0.17811
1854 -0.34463
1855 1.22359
1856 0.775528
1857 -0.718016
1858 -0.0459213
1859 -0.120598
