track type=wiggle_0 name="Cons 100 Verts" description="100 vertebrates Basewise Conservation by PhyloP"
#	output date: 2023-01-19 05:16:45 UTC
#	chrom specified: chr6
#	position specified: 18223000-18225800
#	This data has been compressed with a minor loss in resolution.
#	(Worst case: 0.0740937)  The original source data
#	(before querying and compression) is available at 
#		http://hgdownload.soe.ucsc.edu/downloads.html
variableStep chrom=chr6 span=1
18223000	0.608142
18223001	0.739937
18223002	1.33302
18223003	2.45328
18223004	0.674039
18223005	0.674039
18223006	-1.63238
18223007	0.410449
18223008	1.7943
18223009	0.608142
18223010	1.39891
18223011	0.739937
18223012	0.410449
18223013	-0.643913
18223014	-0.578016
18223015	-0.578016
18223016	0.015063
18223017	-0.512118
18223018	-0.643913
18223019	0.0809606
18223020	0.278654
18223021	-0.0508346
18223022	-0.0508346
18223023	-0.314425
18223024	-0.643913
18223025	-1.23699
18223026	-1.0393
18223027	-0.0508346
18223028	-0.643913
18223029	0.93763
18223030	0.476346
18223031	-0.512118
18223032	0.410449
18223033	-0.380323
18223034	-2.35725
18223035	0.212756
18223036	0.344551
18223037	0.344551
18223038	0.344551
18223039	0.344551
18223040	0.015063
18223041	-0.116732
18223042	0.278654
18223043	-0.18263
18223044	-1.23699
18223045	0.344551
18223046	-0.380323
18223047	0.410449
18223048	0.278654
18223049	0.608142
18223050	0.542244
18223051	0.476346
18223052	2.05789
18223053	-0.775709
18223054	-0.248528
18223055	1.26712
18223056	-0.512118
18223057	-0.44622
18223058	-0.18263
18223059	-0.44622
18223060	0.542244
18223061	-0.0508346
18223062	0.410449
18223063	-0.973402
18223064	0.278654
18223065	-0.973402
18223066	-0.44622
18223067	-1.30289
18223068	0.805835
18223069	-1.17109
18223070	-0.709811
18223071	0.0809606
18223072	-0.0508346
18223073	-0.314425
18223074	-0.116732
18223075	-0.0508346
18223076	-1.17109
18223077	0.015063
18223078	-0.0508346
18223079	2.84866
18223080	0.410449
18223081	0.344551
18223082	-0.44622
18223083	0.015063
18223084	1.33302
18223085	0.146858
18223086	-1.17109
18223087	0.278654
18223088	0.410449
18223089	-0.973402
18223090	-0.775709
18223091	-0.18263
18223092	-0.0508346
18223093	1.8602
18223094	0.0809606
18223095	0.608142
18223096	1.06943
18223097	0.93763
18223098	0.146858
18223099	2.58507
18223100	1.13532
18223101	0.278654
18223102	0.608142
18223103	0.739937
18223104	0.674039
18223105	-0.841606
18223106	-0.380323
18223107	-0.0508346
18223108	0.212756
18223109	1.59661
18223110	1.13532
18223111	-0.643913
18223112	-0.116732
18223113	-0.44622
18223114	0.278654
18223115	1.53071
18223116	0.344551
18223117	0.344551
18223118	0.608142
18223119	1.8602
18223120	3.63943
18223121	0.146858
18223122	0.608142
18223123	0.542244
18223124	0.410449
18223125	4.03482
18223126	1.53071
18223127	1.00353
18223128	1.06943
18223129	0.476346
18223130	-0.248528
18223131	1.00353
18223132	-0.841606
18223133	1.20122
18223134	0.015063
18223135	2.71687
18223136	0.344551
18223137	1.46481
18223138	1.7943
18223139	0.015063
18223140	1.06943
18223141	0.278654
18223142	-0.709811
18223143	-0.0508346
18223144	1.59661
18223145	1.20122
18223146	0.212756
18223147	2.05789
18223148	1.26712
18223149	1.00353
18223150	0.674039
18223151	1.6625
18223152	-0.380323
18223153	1.20122
18223154	1.39891
18223155	2.71687
18223156	2.78276
18223157	2.71687
18223158	1.46481
18223159	1.26712
18223160	0.805835
18223161	0.344551
18223162	1.26712
18223163	0.278654
18223164	0.93763
18223165	-0.841606
18223166	2.05789
18223167	0.015063
18223168	-0.841606
18223169	1.99199
18223170	-1.23699
18223171	-0.116732
18223172	0.476346
18223173	-1.50058
18223174	1.59661
18223175	-0.0508346
18223176	0.212756
18223177	0.344551
18223178	0.212756
18223179	0.015063
18223180	0.344551
18223181	-0.314425
18223182	1.7284
18223183	0.146858
18223184	0.608142
18223185	0.278654
18223186	0.476346
18223187	1.06943
18223188	0.015063
18223189	-0.512118
18223190	0.0809606
18223191	1.33302
18223192	0.871732
18223193	0.871732
18223194	0.805835
18223195	0.476346
18223196	-0.512118
18223197	0.93763
18223198	0.015063
18223199	0.674039
18223200	-0.44622
18223201	1.00353
18223202	0.212756
18223203	1.8602
18223204	1.20122
18223205	0.674039
18223206	0.410449
18223207	0.212756
18223208	-0.248528
18223209	2.12379
18223210	-0.18263
18223211	1.53071
18223212	0.146858
18223213	1.6625
18223214	0.608142
18223215	0.608142
18223216	0.410449
18223217	-0.0508346
18223218	-0.775709
18223219	0.015063
18223220	2.12379
18223221	-0.18263
18223222	1.8602
18223223	0.674039
18223224	-0.116732
18223225	1.46481
18223226	0.871732
18223227	3.70533
18223228	0.542244
18223229	0.015063
18223230	0.871732
18223231	-0.314425
18223232	0.015063
18223233	0.146858
18223234	0.212756
18223235	0.278654
18223236	-0.0508346
18223237	1.53071
18223238	0.674039
18223239	0.608142
18223240	2.91456
18223241	0.146858
18223242	-0.248528
18223243	-1.43468
18223244	2.25558
18223245	0.93763
18223246	0.344551
18223247	-0.18263
18223248	0.608142
18223249	0.015063
18223250	0.344551
18223251	0.212756
18223252	-0.116732
18223253	-0.512118
18223254	-0.314425
18223255	-0.512118
18223256	0.015063
18223257	-0.578016
18223258	-0.314425
18223259	0.93763
18223260	-0.0508346
18223261	-0.314425
18223262	-0.248528
18223263	-2.35725
18223264	0.344551
18223265	-0.0508346
18223266	-1.56648
18223267	0.212756
18223268	0.212756
18223269	2.65097
18223270	-0.643913
18223271	0.015063
18223272	0.542244
18223273	-0.907504
18223274	0.015063
18223275	-0.512118
18223276	-0.248528
18223277	-0.0508346
18223278	0.212756
18223279	0.476346
18223280	0.015063
18223281	-0.116732
18223282	1.13532
18223283	-0.116732
18223284	1.26712
18223285	-0.248528
18223286	-0.973402
18223287	-0.643913
18223288	1.46481
18223289	0.344551
18223290	-1.43468
18223291	3.37584
18223292	0.674039
18223293	-0.44622
18223294	0.146858
18223295	-0.512118
18223296	0.146858
18223297	-0.0508346
18223298	-0.512118
18223299	-0.116732
18223300	-0.44622
18223301	-0.116732
18223302	0.93763
18223303	1.46481
18223304	0.0809606
18223305	0.278654
18223306	-0.314425
18223307	0.0809606
18223308	1.39891
18223309	0.674039
18223310	0.0809606
18223311	0.212756
18223312	0.344551
18223313	-0.18263
18223314	-0.775709
18223315	0.146858
18223316	-1.17109
18223317	-0.709811
18223318	-1.1052
18223319	-1.56648
18223320	2.32148
18223321	1.00353
18223322	0.871732
18223323	-2.68674
18223324	0.0809606
18223325	-0.380323
18223326	-0.709811
18223327	-0.512118
18223328	-0.841606
18223329	0.015063
18223330	-0.248528
18223331	-0.18263
18223332	0.015063
18223333	-0.116732
18223334	-0.314425
18223335	-3.807
18223336	-0.775709
18223337	0.608142
18223338	-0.248528
18223339	-1.0393
18223340	-1.0393
18223341	-0.578016
18223342	-0.248528
18223343	-0.380323
18223344	0.212756
18223345	-0.116732
18223346	-1.76417
18223347	-0.0508346
18223348	-0.0508346
18223349	0.015063
18223350	-2.15956
18223351	0.015063
18223352	0.015063
18223353	-2.29135
18223354	-2.29135
18223355	-0.973402
18223356	-0.973402
18223357	-0.841606
18223358	-0.973402
18223359	1.00353
18223360	-0.380323
18223361	-0.0508346
18223362	0.542244
18223363	-0.18263
18223364	0.146858
18223365	-0.0508346
18223366	0.410449
18223367	-0.380323
18223368	-0.0508346
18223369	0.015063
18223370	0.805835
18223371	0.476346
18223372	-0.44622
18223373	-0.0508346
18223374	1.13532
18223375	-0.512118
18223376	-0.248528
18223377	-0.116732
18223378	1.39891
18223379	1.26712
18223380	-0.248528
18223381	-0.775709
18223382	-0.512118
18223383	0.608142
18223384	-0.775709
18223385	-1.69828
18223386	0.344551
18223387	-0.0508346
18223388	-0.0508346
18223389	-1.63238
18223390	-0.18263
18223391	1.00353
18223392	0.278654
18223393	-0.841606
18223394	0.278654
18223395	-0.643913
18223396	0.212756
18223397	1.00353
18223398	0.146858
18223399	0.0809606
18223400	0.344551
18223401	0.212756
18223402	0.542244
18223403	0.278654
18223404	0.278654
18223405	0.0809606
18223406	0.278654
18223407	0.608142
18223408	-1.50058
18223409	-0.116732
18223410	-0.775709
18223411	1.7943
18223412	0.344551
18223413	0.410449
18223414	0.146858
18223415	-0.0508346
18223416	2.12379
18223417	0.476346
18223418	-0.841606
18223419	-1.76417
18223420	-1.50058
18223421	1.6625
18223422	0.015063
18223423	-0.44622
18223424	-0.512118
18223425	-0.44622
18223426	0.476346
18223427	1.53071
18223428	0.93763
18223429	0.805835
18223430	0.476346
18223431	0.0809606
18223432	0.871732
18223433	0.410449
18223434	1.13532
18223435	0.146858
18223436	-0.314425
18223437	0.0809606
18223438	0.146858
18223439	0.0809606
18223440	1.00353
18223441	1.00353
18223442	2.25558
18223443	1.59661
18223444	3.63943
18223445	0.015063
18223446	1.6625
18223447	2.98046
18223448	2.18969
18223449	0.015063
18223450	1.7943
18223451	3.90302
18223452	2.51917
18223453	3.11225
18223454	2.18969
18223455	0.015063
18223456	0.212756
18223457	0.608142
18223458	1.33302
18223459	-1.1052
18223460	0.608142
18223461	1.59661
18223462	2.25558
18223463	0.542244
18223464	2.05789
18223465	0.410449
18223466	2.25558
18223467	0.93763
18223468	1.33302
18223469	2.91456
18223470	2.84866
18223471	1.46481
18223472	0.0809606
18223473	2.12379
18223474	-0.314425
18223475	1.53071
18223476	2.84866
18223477	0.871732
18223478	0.278654
18223479	3.30994
18223480	0.542244
18223481	1.7284
18223482	0.278654
18223483	-0.248528
18223484	-0.116732
18223485	0.542244
18223486	0.410449
18223487	-0.0508346
18223488	0.0809606
18223489	0.212756
18223490	-0.907504
18223491	0.146858
18223492	1.53071
18223493	0.0809606
18223494	0.146858
18223495	0.608142
18223496	0.015063
18223497	0.674039
18223498	0.674039
18223499	1.00353
18223500	3.11225
18223501	0.146858
18223502	0.146858
18223503	0.344551
18223504	1.92609
18223505	0.278654
18223506	1.13532
18223507	1.92609
18223508	0.805835
18223509	1.7943
18223510	0.739937
18223511	1.92609
18223512	0.739937
18223513	0.805835
18223514	0.739937
18223515	-0.0508346
18223516	0.805835
18223517	0.805835
18223518	0.871732
18223519	0.146858
18223520	2.45328
18223521	0.674039
18223522	-0.0508346
18223523	1.7943
18223524	0.608142
18223525	0.739937
18223526	2.18969
18223527	1.59661
18223528	0.542244
18223529	0.608142
18223530	0.476346
18223531	0.278654
18223532	3.90302
18223533	0.608142
18223534	0.410449
18223535	-0.0508346
18223536	0.542244
18223537	0.805835
18223538	-0.116732
18223539	0.0809606
18223540	-0.380323
18223541	-0.512118
18223542	1.59661
18223543	1.53071
18223544	0.278654
18223545	1.7943
18223546	1.06943
18223547	1.59661
18223548	1.7943
18223549	1.20122
18223550	0.278654
18223551	1.26712
18223552	1.26712
18223553	-0.248528
18223554	0.344551
18223555	0.146858
18223556	0.344551
18223557	0.146858
18223558	0.015063
18223559	0.608142
18223560	1.20122
18223561	0.93763
18223562	0.476346
18223563	0.93763
18223564	1.7943
18223565	0.015063
18223566	1.53071
18223567	1.39891
18223568	2.71687
18223569	1.06943
18223570	0.212756
18223571	0.015063
18223572	3.44174
18223573	0.739937
18223574	0.739937
18223575	4.36431
18223576	1.33302
18223577	-1.30289
18223578	1.26712
18223579	1.13532
18223580	0.344551
18223581	-0.248528
18223582	0.739937
18223583	4.29841
18223584	0.674039
18223585	1.6625
18223586	1.13532
18223587	1.8602
18223588	1.99199
18223589	1.00353
18223590	0.0809606
18223591	1.53071
18223592	-0.0508346
18223593	3.50764
18223594	0.278654
18223595	0.805835
18223596	-0.248528
18223597	1.06943
18223598	0.278654
18223599	0.871732
18223600	0.212756
18223601	1.53071
18223602	1.06943
18223603	2.25558
18223604	-0.380323
18223605	1.20122
18223606	0.93763
18223607	0.212756
18223608	0.015063
18223609	0.015063
18223610	-0.314425
18223611	0.344551
18223612	0.410449
18223613	0.278654
18223614	-0.314425
18223615	0.015063
18223616	-0.0508346
18223617	0.015063
18223618	-0.116732
18223619	-0.973402
18223620	0.739937
18223621	-0.0508346
18223622	-0.578016
18223623	0.608142
18223624	2.05789
18223625	-0.248528
18223626	-0.380323
18223627	-0.380323
18223628	0.0809606
18223629	-0.314425
18223630	0.608142
18223631	1.06943
18223632	0.015063
18223633	0.146858
18223634	1.13532
18223635	-0.18263
18223636	0.212756
18223637	1.33302
18223638	-0.841606
18223639	1.33302
18223640	1.7284
18223641	-0.0508346
18223642	0.015063
18223643	1.26712
18223644	0.871732
18223645	2.32148
18223646	-0.314425
18223647	-0.314425
18223648	-0.578016
18223649	0.0809606
18223650	-0.578016
18223651	0.278654
18223652	-0.248528
18223653	0.212756
18223654	-0.907504
18223655	0.871732
18223656	-0.380323
18223657	0.146858
18223658	0.739937
18223659	0.871732
18223660	0.871732
18223661	1.26712
18223662	1.13532
18223663	-0.248528
18223664	0.146858
18223665	0.344551
18223666	-0.907504
18223667	0.805835
18223668	0.278654
18223669	0.146858
18223670	-0.44622
18223671	0.0809606
18223672	0.410449
18223673	0.146858
18223674	1.33302
18223675	-0.18263
18223676	1.13532
18223677	-0.248528
18223678	-0.116732
18223679	0.146858
18223680	0.476346
18223681	0.476346
18223682	0.344551
18223683	-0.18263
18223684	1.00353
18223685	1.7943
18223686	-0.512118
18223687	1.39891
18223688	0.674039
18223689	0.212756
18223690	0.476346
18223691	1.06943
18223692	0.146858
18223693	0.739937
18223694	-0.380323
18223695	0.212756
18223696	-1.69828
18223697	0.871732
18223698	1.8602
18223699	1.20122
18223700	2.38738
18223701	0.0809606
18223702	0.542244
18223703	0.608142
18223704	1.13532
18223705	0.212756
18223706	0.146858
18223707	1.20122
18223708	-0.314425
18223709	0.608142
18223710	0.212756
18223711	0.674039
18223712	-0.248528
18223713	1.7943
18223714	1.46481
18223715	1.33302
18223716	0.410449
18223717	-0.116732
18223718	1.39891
18223719	-0.775709
18223720	0.410449
18223721	0.674039
18223722	-0.380323
18223723	-0.775709
18223724	1.13532
18223725	0.410449
18223726	1.26712
18223727	1.39891
18223728	1.20122
18223729	0.212756
18223730	3.50764
18223731	1.39891
18223732	0.871732
18223733	0.344551
18223734	1.26712
18223735	1.59661
18223736	-1.1052
18223737	0.344551
18223738	0.608142
18223739	-0.0508346
18223740	0.805835
18223741	0.0809606
18223742	0.146858
18223743	0.015063
18223744	1.33302
18223745	0.015063
18223746	1.92609
18223747	1.6625
18223748	1.8602
18223749	2.45328
18223750	0.410449
18223751	2.18969
18223752	0.93763
18223753	3.37584
18223754	0.344551
18223755	1.92609
18223756	1.99199
18223757	1.20122
18223758	-0.512118
18223759	0.410449
18223760	0.805835
18223761	1.8602
18223762	0.146858
18223763	-0.116732
18223764	0.278654
18223765	0.739937
18223766	1.53071
18223767	-0.116732
18223768	1.26712
18223769	0.410449
18223770	0.0809606
18223771	1.7284
18223772	0.0809606
18223773	0.410449
18223774	1.46481
18223775	-3.60931
18223776	0.542244
18223777	-1.0393
18223778	-0.578016
18223779	-2.09366
18223780	-0.512118
18223781	0.015063
18223782	0.0809606
18223783	-0.18263
18223784	-0.248528
18223785	-1.30289
18223786	-0.709811
18223787	-1.23699
18223788	1.7943
18223789	-0.380323
18223790	0.0809606
18223791	0.278654
18223792	0.674039
18223793	0.0809606
18223794	0.608142
18223795	2.58507
18223796	0.476346
18223797	3.50764
18223798	-1.43468
18223799	1.06943
18223800	0.476346
18223801	0.608142
18223802	2.18969
18223803	0.674039
18223804	0.212756
18223805	1.00353
18223806	1.8602
18223807	1.6625
18223808	2.05789
18223809	1.26712
18223810	-0.512118
18223811	0.542244
18223812	-0.314425
18223813	-0.0508346
18223814	0.542244
18223815	0.0809606
18223816	0.542244
18223817	0.608142
18223818	0.278654
18223819	0.674039
18223820	1.8602
18223821	0.278654
18223822	1.13532
18223823	0.93763
18223824	0.542244
18223825	1.46481
18223826	0.542244
18223827	0.542244
18223828	1.13532
18223829	2.32148
18223830	3.77123
18223831	1.8602
18223832	2.05789
18223833	1.53071
18223834	2.25558
18223835	0.608142
18223836	1.7284
18223837	1.8602
18223838	0.410449
18223839	-0.0508346
18223840	0.0809606
18223841	1.82101
18223842	-0.34463
18223843	-0.942047
18223844	1.14891
18223845	1.14891
18223846	3.1652
18223847	1.07424
18223848	1.29827
18223849	0.70085
18223850	2.11972
18223851	0.17811
18223852	-0.0459213
18223853	-1.16608
18223854	-0.792693
18223855	-1.16608
18223856	0.17811
18223857	-0.269953
18223858	0.476819
18223859	1.89569
18223860	-0.120598
18223861	-0.0459213
18223862	-0.718016
18223863	0.775528
18223864	1.22359
18223865	-0.34463
18223866	0.17811
18223867	0.327465
18223868	1.44762
18223869	-0.419307
18223870	-0.269953
18223871	-0.195276
18223872	-0.120598
18223873	-0.120598
18223874	-2.88365
18223875	-1.01672
18223876	0.252787
18223877	-0.568661
18223878	-0.34463
18223879	-1.31543
18223880	-0.419307
18223881	-0.269953
18223882	-0.493984
18223883	-0.643339
18223884	-0.34463
18223885	-1.61414
18223886	-2.95833
18223887	-1.01672
18223888	-1.24076
18223889	-0.120598
18223890	-1.01672
18223891	-2.36091
18223892	-0.120598
18223893	0.17811
18223894	-0.718016
18223895	-5.348
18223896	-0.34463
18223897	-0.34463
18223898	-1.0914
18223899	-2.95833
18223900	0.551496
18223901	0.103433
18223902	-0.0459213
18223903	-1.01672
18223904	-0.195276
18223905	-0.195276
18223906	-1.16608
18223907	-0.419307
18223908	-0.195276
18223909	-0.195276
18223910	0.551496
18223911	-0.0459213
18223912	-0.34463
18223913	-1.0914
18223914	-0.0459213
18223915	0.103433
18223916	-1.01672
18223917	-0.120598
18223918	-1.01672
18223919	-0.419307
18223920	-2.88365
18223921	0.252787
18223922	-0.419307
18223923	-1.39011
18223924	-0.419307
18223925	-2.28624
18223926	-3.48107
18223927	-1.24076
18223928	-0.493984
18223929	-2.0622
18223930	-0.568661
18223931	-0.942047
18223932	0.327465
18223933	-0.195276
18223934	-1.0914
18223935	-1.31543
18223936	0.252787
18223937	0.327465
18223938	-0.195276
18223939	0.0287559
18223940	-1.01672
18223941	-0.568661
18223942	-0.568661
18223943	-1.24076
18223944	-1.01672
18223945	0.103433
18223946	-0.195276
18223947	-0.942047
18223948	-0.568661
18223949	-1.24076
18223950	0.551496
18223951	-1.31543
18223952	-0.792693
18223953	-1.24076
18223954	0.551496
18223955	-1.16608
18223956	-0.419307
18223957	0.0287559
18223958	-2.36091
18223959	-0.195276
18223960	-0.269953
18223961	-0.269953
18223962	-0.643339
18223963	-0.419307
18223964	-0.120598
18223965	1.14891
18223966	-0.568661
18223967	-0.0459213
18223968	-0.86737
18223969	-2.0622
18223970	-1.01672
18223971	-0.493984
18223972	-1.31543
18223973	-1.39011
18223974	-0.195276
18223975	-0.568661
18223976	0.103433
18223977	-0.120598
18223978	1.59698
18223979	0.17811
18223980	0.17811
18223981	-0.493984
18223982	0.402142
18223983	-1.16608
18223984	-1.16608
18223985	-1.31543
18223986	-1.46479
18223987	0.103433
18223988	-1.31543
18223989	-0.0459213
18223990	-1.31543
18223991	-1.7635
18223992	-0.643339
18223993	0.252787
18223994	-0.195276
18223995	-0.419307
18223996	-0.0459213
18223997	0.402142
18223998	0.327465
18223999	-0.269953
18224000	-3.48107
18224001	-0.718016
18224002	0.252787
18224003	-1.24076
18224004	0.0287559
18224005	-1.16608
18224006	-1.68882
18224007	0.476819
18224008	0.402142
18224009	0.103433
18224010	-1.39011
18224011	0.70085
18224012	-0.718016
18224013	-0.568661
18224014	0.476819
18224015	0.103433
18224016	-0.419307
18224017	-0.792693
18224018	-0.269953
18224019	-0.718016
18224020	0.327465
18224021	0.402142
18224022	-0.34463
18224023	-0.493984
18224024	-1.91285
18224025	0.402142
18224026	0.17811
18224027	-0.942047
18224028	-1.01672
18224029	-0.493984
18224030	-2.13688
18224031	-0.269953
18224032	-0.643339
18224033	-0.643339
18224034	0.626173
18224035	0.17811
18224036	-0.419307
18224037	-0.568661
18224038	-0.419307
18224039	-0.718016
18224040	0.402142
18224041	0.0287559
18224042	-1.0914
18224043	-0.419307
18224044	-0.0459213
18224045	0.252787
18224046	1.07424
18224047	-0.195276
18224048	0.0287559
18224049	-0.0459213
18224050	-0.120598
18224051	-0.120598
18224052	-1.39011
18224053	0.0287559
18224054	-3.25704
18224055	-2.7343
18224056	-0.0459213
18224057	-0.195276
18224058	-1.31543
18224059	-1.61414
18224060	-1.01672
18224061	-0.269953
18224062	-0.942047
18224063	0.103433
18224064	0.103433
18224065	0.775528
18224066	0.17811
18224067	-1.0914
18224068	-0.718016
18224069	-1.31543
18224070	-0.643339
18224071	-0.568661
18224072	-1.46479
18224073	0.327465
18224074	-0.269953
18224075	0.103433
18224076	-0.34463
18224077	-0.568661
18224078	-0.493984
18224079	-1.31543
18224080	-1.0914
18224081	-0.942047
18224082	1.37294
18224083	0.476819
18224084	-0.195276
18224085	0.0287559
18224086	0.999559
18224087	-0.0459213
18224088	-1.24076
18224089	-0.493984
18224090	-0.269953
18224091	-0.86737
18224092	0.103433
18224093	0.103433
18224094	0.327465
18224095	-0.120598
18224096	0.626173
18224097	2.64246
18224098	0.626173
18224099	1.37294
18224100	0.626173
18224101	-0.269953
18224102	-0.568661
18224103	-1.24076
18224104	-0.419307
18224105	-0.34463
18224106	-0.493984
18224107	0.17811
18224108	0.17811
18224109	0.103433
18224110	-0.269953
18224111	0.103433
18224112	1.44762
18224113	0.476819
18224114	0.103433
18224115	-0.269953
18224116	-1.31543
18224117	0.17811
18224118	-1.0914
18224119	-2.0622
18224120	0.0287559
18224121	-1.01672
18224122	-1.24076
18224123	-1.68882
18224124	-2.13688
18224125	-0.195276
18224126	-0.568661
18224127	-0.419307
18224128	-0.568661
18224129	0.17811
18224130	0.924882
18224131	0.103433
18224132	0.17811
18224133	0.252787
18224134	0.0287559
18224135	-1.61414
18224136	0.924882
18224137	-0.86737
18224138	-1.24076
18224139	-0.419307
18224140	0.775528
18224141	0.850205
18224142	0.402142
18224143	-0.195276
18224144	-1.0914
18224145	-1.39011
18224146	-0.120598
18224147	-0.269953
18224148	-0.34463
18224149	1.5223
18224150	-0.195276
18224151	0.850205
18224152	-2.13688
18224153	1.44762
18224154	-0.195276
18224155	-0.0459213
18224156	1.22359
18224157	2.26907
18224158	0.924882
18224159	-0.269953
18224160	-0.792693
18224161	-0.195276
18224162	0.924882
18224163	1.44762
18224164	0.252787
18224165	1.59698
18224166	-0.0459213
18224167	3.83729
18224168	-0.34463
18224169	-0.493984
18224170	0.626173
18224171	0.999559
18224172	0.775528
18224173	-0.0459213
18224174	0.0287559
18224175	0.626173
18224176	0.999559
18224177	-0.493984
18224178	-0.120598
18224179	-0.0459213
18224180	-1.16608
18224181	0.17811
18224182	0.402142
18224183	0.252787
18224184	0.551496
18224185	0.476819
18224186	0.476819
18224187	0.924882
18224188	-0.419307
18224189	0.850205
18224190	-0.269953
18224191	-0.120598
18224192	1.82101
18224193	0.0287559
18224194	-0.269953
18224195	3.31455
18224196	1.22359
18224197	3.31455
18224198	1.97036
18224199	3.91197
18224200	1.14891
18224201	3.31455
18224202	1.82101
18224203	0.252787
18224204	0.70085
18224205	2.41843
18224206	2.41843
18224207	0.0287559
18224208	1.07424
18224209	1.89569
18224210	1.14891
18224211	0.103433
18224212	0.252787
18224213	0.252787
18224214	1.5223
18224215	-0.0459213
18224216	0.70085
18224217	3.83729
18224218	3.23987
18224219	1.37294
18224220	1.97036
18224221	0.103433
18224222	0.17811
18224223	1.82101
18224224	1.5223
18224225	0.999559
18224226	3.31455
18224227	1.89569
18224228	1.59698
18224229	3.91197
18224230	3.91197
18224231	1.59698
18224232	1.14891
18224233	0.626173
18224234	1.44762
18224235	1.44762
18224236	1.44762
18224237	0.327465
18224238	2.64246
18224239	0.70085
18224240	3.31455
18224241	3.91197
18224242	2.4931
18224243	0.70085
18224244	0.70085
18224245	-0.34463
18224246	0.103433
18224247	0.103433
18224248	1.14891
18224249	0.775528
18224250	-0.643339
18224251	0.327465
18224252	-0.0459213
18224253	0.0287559
18224254	0.252787
18224255	-0.419307
18224256	-1.01672
18224257	2.71713
18224258	0.402142
18224259	1.82101
18224260	0.551496
18224261	1.67165
18224262	0.999559
18224263	-0.0459213
18224264	0.551496
18224265	0.626173
18224266	1.97036
18224267	1.07424
18224268	0.70085
18224269	1.22359
18224270	-0.120598
18224271	-0.120598
18224272	0.551496
18224273	1.74633
18224274	3.1652
18224275	0.476819
18224276	0.775528
18224277	0.17811
18224278	-0.195276
18224279	-0.120598
18224280	0.327465
18224281	0.402142
18224282	0.70085
18224283	0.775528
18224284	0.775528
18224285	0.0287559
18224286	0.0287559
18224287	-0.195276
18224288	-0.34463
18224289	-0.718016
18224290	1.37294
18224291	0.327465
18224292	-0.195276
18224293	0.327465
18224294	-1.39011
18224295	0.327465
18224296	0.476819
18224297	0.252787
18224298	-0.419307
18224299	-0.34463
18224300	0.0287559
18224301	-0.568661
18224302	-0.792693
18224303	0.252787
18224304	0.327465
18224305	0.0287559
18224306	-0.269953
18224307	1.67165
18224308	0.850205
18224309	-0.120598
18224310	1.89569
18224311	0.551496
18224312	-0.195276
18224313	-0.195276
18224314	0.17811
18224315	2.26907
18224316	1.37294
18224317	-0.120598
18224318	1.22359
18224319	3.38923
18224320	0.252787
18224321	0.17811
18224322	0.402142
18224323	0.850205
18224324	-0.942047
18224325	0.252787
18224326	0.70085
18224327	0.402142
18224328	3.38923
18224329	2.71713
18224330	0.70085
18224331	1.07424
18224332	1.74633
18224333	0.551496
18224334	-0.269953
18224335	0.252787
18224336	-0.120598
18224337	0.252787
18224338	-0.195276
18224339	-0.269953
18224340	1.07424
18224341	0.103433
18224342	1.44762
18224343	2.41843
18224344	-0.419307
18224345	0.551496
18224346	-0.568661
18224347	-0.120598
18224348	0.0287559
18224349	0.924882
18224350	0.476819
18224351	0.103433
18224352	1.44762
18224353	0.17811
18224354	-0.419307
18224355	-0.34463
18224356	3.01584
18224357	0.775528
18224358	0.70085
18224359	0.17811
18224360	0.999559
18224361	0.402142
18224362	0.626173
18224363	-1.68882
18224364	-0.120598
18224365	0.775528
18224366	-0.120598
18224367	0.775528
18224368	-0.419307
18224369	0.775528
18224370	0.103433
18224371	1.37294
18224372	0.551496
18224373	1.74633
18224374	0.551496
18224375	0.252787
18224376	-0.0459213
18224377	-0.792693
18224378	0.626173
18224379	2.56778
18224380	0.850205
18224381	-0.419307
18224382	0.17811
18224383	0.402142
18224384	1.14891
18224385	-0.0459213
18224386	1.14891
18224387	0.327465
18224388	-0.120598
18224389	0.0287559
18224390	1.89569
18224391	-0.195276
18224392	0.103433
18224393	-0.34463
18224394	0.551496
18224395	0.327465
18224396	-0.419307
18224397	1.44762
18224398	0.0287559
18224399	0.103433
18224400	0.70085
18224401	0.327465
18224402	1.22359
18224403	0.252787
18224404	0.924882
18224405	0.103433
18224406	-3.10769
18224407	0.327465
18224408	2.71713
18224409	1.14891
18224410	1.22359
18224411	-0.0459213
18224412	-0.493984
18224413	0.999559
18224414	0.327465
18224415	0.327465
18224416	1.67165
18224417	1.59698
18224418	0.0287559
18224419	-0.34463
18224420	0.327465
18224421	0.252787
18224422	0.551496
18224423	0.103433
18224424	0.476819
18224425	0.775528
18224426	0.476819
18224427	1.97036
18224428	-0.419307
18224429	3.31455
18224430	-1.91285
18224431	-0.493984
18224432	0.252787
18224433	1.44762
18224434	-0.0459213
18224435	1.22359
18224436	1.67165
18224437	0.70085
18224438	0.327465
18224439	0.850205
18224440	0.924882
18224441	0.402142
18224442	1.22359
18224443	1.07424
18224444	0.103433
18224445	-0.34463
18224446	1.07424
18224447	1.89569
18224448	0.327465
18224449	1.67165
18224450	0.17811
18224451	2.41843
18224452	1.44762
18224453	0.0287559
18224454	1.82101
18224455	-0.195276
18224456	1.37294
18224457	0.402142
18224458	2.34375
18224459	-0.0459213
18224460	-0.0459213
18224461	0.924882
18224462	1.37294
18224463	-0.0459213
18224464	0.402142
18224465	2.11972
18224466	3.53858
18224467	0.850205
18224468	0.103433
18224469	0.924882
18224470	-0.0459213
18224471	2.04504
18224472	1.07424
18224473	3.01584
18224474	0.924882
18224475	3.38923
18224476	0.402142
18224477	0.402142
18224478	0.999559
18224479	0.0287559
18224480	0.999559
18224481	-0.643339
18224482	0.402142
18224483	0.0287559
18224484	0.402142
18224485	0.775528
18224486	-0.792693
18224487	0.402142
18224488	0.476819
18224489	1.29827
18224490	1.97036
18224491	1.5223
18224492	2.26907
18224493	0.70085
18224494	3.38923
18224495	-0.120598
18224496	3.09052
18224497	1.37294
18224498	0.850205
18224499	0.850205
18224500	1.07424
18224501	-0.34463
18224502	1.44762
18224503	-0.0459213
18224504	-0.269953
18224505	1.07424
18224506	0.103433
18224507	2.34375
18224508	-0.34463
18224509	-0.195276
18224510	2.26907
18224511	1.07424
18224512	0.252787
18224513	1.5223
18224514	0.626173
18224515	1.14891
18224516	0.252787
18224517	1.89569
18224518	1.22359
18224519	1.82101
18224520	0.402142
18224521	0.252787
18224522	1.07424
18224523	-0.120598
18224524	-0.0459213
18224525	0.850205
18224526	-0.34463
18224527	-0.195276
18224528	0.0287559
18224529	-0.0459213
18224530	0.551496
18224531	1.07424
18224532	0.999559
18224533	1.59698
18224534	3.31455
18224535	0.775528
18224536	2.4931
18224537	-0.493984
18224538	-1.0914
18224539	1.37294
18224540	0.252787
18224541	0.402142
18224542	0.999559
18224543	1.14891
18224544	1.97036
18224545	2.04504
18224546	0.70085
18224547	0.70085
18224548	-0.419307
18224549	0.70085
18224550	-0.942047
18224551	2.11972
18224552	0.551496
18224553	2.64246
18224554	1.37294
18224555	2.11972
18224556	0.850205
18224557	0.850205
18224558	0.775528
18224559	2.04504
18224560	4.136
18224561	2.64246
18224562	4.136
18224563	1.22359
18224564	0.402142
18224565	0.476819
18224566	2.04504
18224567	0.70085
18224568	1.74633
18224569	2.56778
18224570	0.327465
18224571	-0.269953
18224572	-0.493984
18224573	-0.34463
18224574	0.70085
18224575	1.22359
18224576	-0.568661
18224577	3.23987
18224578	0.327465
18224579	-0.195276
18224580	0.775528
18224581	0.402142
18224582	-0.120598
18224583	0.327465
18224584	3.1652
18224585	0.775528
18224586	0.402142
18224587	0.850205
18224588	0.0287559
18224589	1.07424
18224590	-0.120598
18224591	0.0287559
18224592	0.70085
18224593	0.17811
18224594	-0.419307
18224595	0.626173
18224596	-0.120598
18224597	-0.120598
18224598	-0.568661
18224599	0.402142
18224600	-0.269953
18224601	0.17811
18224602	0.103433
18224603	-1.0914
18224604	0.103433
18224605	0.626173
18224606	0.103433
18224607	-0.0459213
18224608	-0.0459213
18224609	0.103433
18224610	1.67165
18224611	0.70085
18224612	-0.195276
18224613	-0.34463
18224614	-0.195276
18224615	0.252787
18224616	0.402142
18224617	0.103433
18224618	1.97036
18224619	0.775528
18224620	0.775528
18224621	0.70085
18224622	-0.34463
18224623	2.34375
18224624	-0.493984
18224625	-0.568661
18224626	-0.120598
18224627	-0.643339
18224628	0.17811
18224629	2.19439
18224630	0.0287559
18224631	0.17811
18224632	0.327465
18224633	1.89569
18224634	0.103433
18224635	0.70085
18224636	1.07424
18224637	0.775528
18224638	-0.0459213
18224639	0.775528
18224640	-0.120598
18224641	-0.0459213
18224642	-0.120598
18224643	1.89569
18224644	2.41843
18224645	1.74633
18224646	-0.34463
18224647	1.37294
18224648	-0.643339
18224649	1.37294
18224650	1.59698
18224651	-0.0459213
18224652	-0.419307
18224653	0.924882
18224654	-1.53946
18224655	0.327465
18224656	-0.643339
18224657	-0.568661
18224658	0.17811
18224659	-0.0459213
18224660	-0.195276
18224661	-1.91285
18224662	0.476819
18224663	-0.269953
18224664	-0.269953
18224665	0.103433
18224666	-0.0459213
18224667	-0.0459213
18224668	-1.0914
18224669	1.14891
18224670	-0.568661
18224671	0.626173
18224672	0.0287559
18224673	-0.0459213
18224674	-0.34463
18224675	-0.493984
18224676	0.17811
18224677	0.103433
18224678	1.37294
18224679	0.402142
18224680	0.402142
18224681	0.924882
18224682	0.476819
18224683	-0.0459213
18224684	0.103433
18224685	-0.0459213
18224686	0.17811
18224687	0.17811
18224688	-1.91285
18224689	-0.34463
18224690	0.999559
18224691	-0.718016
18224692	-0.718016
18224693	-0.718016
18224694	-0.34463
18224695	-0.493984
18224696	0.402142
18224697	0.402142
18224698	0.103433
18224699	-0.0459213
18224700	3.53858
18224701	0.17811
18224702	-0.269953
18224703	0.0287559
18224704	0.0287559
18224705	2.11972
18224706	-0.568661
18224707	0.0287559
18224708	0.551496
18224709	1.82101
18224710	2.04504
18224711	0.17811
18224712	1.89569
18224713	0.17811
18224714	0.402142
18224715	0.775528
18224716	0.775528
18224717	0.252787
18224718	0.252787
18224719	-0.0459213
18224720	-0.34463
18224721	1.97036
18224722	-0.195276
18224723	0.70085
18224724	0.626173
18224725	0.252787
18224726	0.924882
18224727	0.850205
18224728	0.775528
18224729	1.29827
18224730	0.402142
18224731	0.775528
18224732	-0.195276
18224733	-0.493984
18224734	2.11972
18224735	0.70085
18224736	0.17811
18224737	0.17811
18224738	-0.419307
18224739	2.26907
18224740	-0.269953
18224741	-0.643339
18224742	-0.0459213
18224743	0.70085
18224744	0.0287559
18224745	0.103433
18224746	0.775528
18224747	1.37294
18224748	2.11972
18224749	0.0287559
18224750	0.402142
18224751	0.17811
18224752	-0.419307
18224753	0.17811
18224754	2.86649
18224755	2.79181
18224756	0.70085
18224757	3.38923
18224758	3.61326
18224759	-0.269953
18224760	2.4931
18224761	0.103433
18224762	0.476819
18224763	0.252787
18224764	2.56778
18224765	0.70085
18224766	1.97036
18224767	1.22359
18224768	1.59698
18224769	0.924882
18224770	1.22359
18224771	0.476819
18224772	0.850205
18224773	1.37294
18224774	2.19439
18224775	2.41843
18224776	1.22359
18224777	0.327465
18224778	0.252787
18224779	-1.24076
18224780	0.103433
18224781	1.29827
18224782	0.327465
18224783	2.64246
18224784	-1.39011
18224785	1.29827
18224786	1.82101
18224787	2.34375
18224788	-0.269953
18224789	-0.269953
18224790	-0.269953
18224791	0.402142
18224792	1.82101
18224793	1.14891
18224794	0.0287559
18224795	2.11972
18224796	0.402142
18224797	0.551496
18224798	0.551496
18224799	1.67165
18224800	0.327465
18224801	1.22359
18224802	3.23987
18224803	0.327465
18224804	1.29827
18224805	1.29827
18224806	1.29827
18224807	-1.39011
18224808	0.103433
18224809	0.775528
18224810	-0.195276
18224811	-0.34463
18224812	0.0287559
18224813	-0.120598
18224814	0.476819
18224815	-1.46479
18224816	0.252787
18224817	-0.269953
18224818	0.103433
18224819	0.626173
18224820	-0.120598
18224821	-1.16608
18224822	0.402142
18224823	0.476819
18224824	-0.34463
18224825	-0.419307
18224826	0.327465
18224827	0.17811
18224828	0.252787
18224829	-0.269953
18224830	0.999559
18224831	0.476819
18224832	0.999559
18224833	0.252787
18224834	0.999559
18224835	0.626173
18224836	-0.419307
18224837	2.41843
18224838	0.17811
18224839	2.19439
18224840	1.5223
18224841	-0.493984
18224842	-0.0459213
18224843	0.775528
18224844	-0.419307
18224845	0.551496
18224846	0.252787
18224847	0.17811
18224848	1.14891
18224849	-0.0459213
18224850	0.775528
18224851	-0.568661
18224852	1.67165
18224853	0.327465
18224854	0.999559
18224855	0.551496
18224856	0.850205
18224857	0.252787
18224858	0.17811
18224859	0.70085
18224860	1.14891
18224861	0.476819
18224862	1.89569
18224863	0.775528
18224864	-0.0459213
18224865	1.22946
18224866	0.0288819
18224867	-0.606717
18224868	-0.324228
18224869	-0.112362
18224870	0.805724
18224871	0.0288819
18224872	0.0288819
18224873	0.0288819
18224874	0.0288819
18224875	-0.0417402
18224876	1.22946
18224877	0.381992
18224878	0.523236
18224879	1.58257
18224880	0.0288819
18224881	1.65319
18224882	4.61932
18224883	4.61932
18224884	3.13625
18224885	-0.182984
18224886	-0.182984
18224887	0.0288819
18224888	0.66448
18224889	0.31137
18224890	0.240748
18224891	1.08821
18224892	0.66448
18224893	-0.959827
18224894	1.22946
18224895	1.22946
18224896	1.15883
18224897	0.170126
18224898	1.22946
18224899	-0.0417402
18224900	0.31137
18224901	1.51194
18224902	0.381992
18224903	0.31137
18224904	1.65319
18224905	-0.465472
18224906	1.08821
18224907	1.30008
18224908	0.735102
18224909	0.0995039
18224910	0.240748
18224911	1.30008
18224912	2.0063
18224913	0.946968
18224914	0.0995039
18224915	0.876346
18224916	0.593858
18224917	0.735102
18224918	1.51194
18224919	2.28879
18224920	0.593858
18224921	2.0063
18224922	-0.0417402
18224923	1.51194
18224924	0.876346
18224925	-0.0417402
18224926	0.381992
18224927	0.0288819
18224928	-0.182984
18224929	-2.51351
18224930	-0.606717
18224931	0.0288819
18224932	2.78314
18224933	1.65319
18224934	1.58257
18224935	3.63061
18224936	1.58257
18224937	1.44132
18224938	1.58257
18224939	1.08821
18224940	1.08821
18224941	-0.39485
18224942	-1.10107
18224943	-0.677339
18224944	1.01759
18224945	0.876346
18224946	1.79443
18224947	0.0995039
18224948	2.14754
18224949	1.01759
18224950	2.78314
18224951	1.22946
18224952	0.66448
18224953	1.01759
18224954	1.79443
18224955	0.31137
18224956	-0.253606
18224957	-1.87791
18224958	-1.03045
18224959	-0.112362
18224960	0.240748
18224961	-0.112362
18224962	1.08821
18224963	0.240748
18224964	-0.182984
18224965	-0.39485
18224966	-1.17169
18224967	0.66448
18224968	-0.112362
18224969	0.0288819
18224970	0.66448
18224971	0.735102
18224972	-1.31294
18224973	0.381992
18224974	-0.112362
18224975	0.0288819
18224976	-1.59543
18224977	-0.112362
18224978	2.57128
18224979	0.240748
18224980	-0.112362
18224981	-0.112362
18224982	1.01759
18224983	0.593858
18224984	0.31137
18224985	2.57128
18224986	0.381992
18224987	0.170126
18224988	-0.0417402
18224989	0.0995039
18224990	-0.253606
18224991	0.735102
18224992	1.65319
18224993	1.58257
18224994	0.0288819
18224995	-1.10107
18224996	-0.324228
18224997	-1.03045
18224998	0.452614
18224999	3.55998
18225000	0.805724
18225001	0.170126
18225002	1.08821
18225003	1.01759
18225004	-0.324228
18225005	0.0288819
18225006	1.58257
18225007	0.381992
18225008	0.735102
18225009	-0.677339
18225010	0.240748
18225011	1.65319
18225012	1.01759
18225013	-0.536094
18225014	-0.182984
18225015	2.14754
18225016	1.44132
18225017	0.735102
18225018	1.93568
18225019	0.452614
18225020	0.805724
18225021	1.08821
18225022	4.05434
18225023	3.06563
18225024	1.72381
18225025	3.13625
18225026	3.2775
18225027	4.9018
18225028	4.54869
18225029	4.12496
18225030	2.28879
18225031	0.805724
18225032	0.452614
18225033	1.65319
18225034	-0.112362
18225035	0.0995039
18225036	2.50065
18225037	0.876346
18225038	0.946968
18225039	1.01759
18225040	0.805724
18225041	2.43003
18225042	0.66448
18225043	0.593858
18225044	0.170126
18225045	1.51194
18225046	3.70123
18225047	0.0288819
18225048	2.14754
18225049	0.0288819
18225050	1.08821
18225051	1.01759
18225052	2.85376
18225053	1.65319
18225054	3.41874
18225055	1.15883
18225056	0.66448
18225057	0.31137
18225058	-0.182984
18225059	1.51194
18225060	1.65319
18225061	2.07692
18225062	1.58257
18225063	0.452614
18225064	1.58257
18225065	1.72381
18225066	-0.253606
18225067	-0.253606
18225068	0.381992
18225069	2.50065
18225070	1.3707
18225071	1.08821
18225072	4.9018
18225073	3.2775
18225074	1.15883
18225075	2.99501
18225076	3.98372
18225077	3.98372
18225078	3.98372
18225079	2.21817
18225080	-0.112362
18225081	1.72381
18225082	4.40745
18225083	1.72381
18225084	3.34812
18225085	1.22946
18225086	3.34812
18225087	3.34812
18225088	2.14754
18225089	5.74927
18225090	3.2775
18225091	5.39616
18225092	5.74927
18225093	2.35941
18225094	4.12496
18225095	2.71252
18225096	5.74927
18225097	3.98372
18225098	5.74927
18225099	2.43003
18225100	0.240748
18225101	0.523236
18225102	2.35941
18225103	2.99501
18225104	3.84247
18225105	5.74927
18225106	5.74927
18225107	0.381992
18225108	0.31137
18225109	1.51194
18225110	3.34812
18225111	4.05434
18225112	4.9018
18225113	5.74927
18225114	3.34812
18225115	5.60802
18225116	4.68994
18225117	5.60802
18225118	5.39616
18225119	2.14754
18225120	1.58257
18225121	1.51194
18225122	3.63061
18225123	0.66448
18225124	2.28879
18225125	1.3707
18225126	0.0995039
18225127	2.14754
18225128	2.14754
18225129	4.9018
18225130	4.83118
18225131	2.35941
18225132	1.79443
18225133	4.12496
18225134	4.12496
18225135	4.12496
18225136	3.2775
18225137	4.9018
18225138	5.74927
18225139	2.35941
18225140	5.60802
18225141	5.60802
18225142	5.60802
18225143	5.60802
18225144	5.60802
18225145	4.76056
18225146	5.5374
18225147	3.98372
18225148	0.452614
18225149	5.5374
18225150	3.20687
18225151	2.28879
18225152	4.54869
18225153	3.06563
18225154	2.71252
18225155	1.01759
18225156	1.93568
18225157	1.22946
18225158	3.20687
18225159	1.15883
18225160	0.452614
18225161	3.20687
18225162	1.30008
18225163	2.14754
18225164	4.76056
18225165	5.60802
18225166	3.2775
18225167	6.03176
18225168	3.20687
18225169	3.2775
18225170	1.51194
18225171	5.60802
18225172	0.31137
18225173	2.99501
18225174	2.14754
18225175	0.0288819
18225176	-0.182984
18225177	1.15883
18225178	2.28879
18225179	1.3707
18225180	1.72381
18225181	3.20687
18225182	2.35941
18225183	3.70123
18225184	0.240748
18225185	1.44132
18225186	2.28879
18225187	2.6419
18225188	0.0288819
18225189	2.21817
18225190	2.21817
18225191	5.46678
18225192	3.13625
18225193	4.05434
18225194	4.40745
18225195	3.70123
18225196	2.14754
18225197	1.65319
18225198	4.54869
18225199	0.593858
18225200	0.170126
18225201	0.0995039
18225202	0.240748
18225203	2.14754
18225204	1.72381
18225205	2.07692
18225206	0.31137
18225207	0.946968
18225208	0.593858
18225209	-0.324228
18225210	-0.0417402
18225211	0.946968
18225212	0.946968
18225213	-2.65476
18225214	1.22946
18225215	0.0288819
18225216	0.0995039
18225217	-0.0417402
18225218	0.381992
18225219	0.805724
18225220	1.58257
18225221	0.381992
18225222	0.876346
18225223	0.523236
18225224	0.66448
18225225	-0.677339
18225226	1.08821
18225227	1.30008
18225228	0.381992
18225229	1.01759
18225230	0.66448
18225231	2.50065
18225232	1.08821
18225233	2.78314
18225234	0.170126
18225235	-0.39485
18225236	0.0288819
18225237	0.31137
18225238	0.0288819
18225239	-0.253606
18225240	1.22946
18225241	1.58257
18225242	0.31137
18225243	0.735102
18225244	1.15883
18225245	0.805724
18225246	0.0288819
18225247	1.08821
18225248	1.08821
18225249	-0.112362
18225250	1.72381
18225251	0.523236
18225252	-0.0417402
18225253	3.06563
18225254	1.58257
18225255	2.99501
18225256	2.14754
18225257	0.805724
18225258	1.08821
18225259	2.07692
18225260	0.805724
18225261	1.15883
18225262	0.0995039
18225263	-2.72538
18225264	2.0063
18225265	0.170126
18225266	0.381992
18225267	0.946968
18225268	-0.889205
18225269	0.523236
18225270	0.0995039
18225271	1.15883
18225272	1.08821
18225273	0.0995039
18225274	1.15883
18225275	-0.182984
18225276	0.240748
18225277	-0.536094
18225278	0.240748
18225279	1.58257
18225280	2.78314
18225281	0.523236
18225282	1.01759
18225283	1.01759
18225284	1.86506
18225285	-0.324228
18225286	1.08821
18225287	1.65319
18225288	2.14754
18225289	-0.112362
18225290	0.946968
18225291	2.0063
18225292	0.66448
18225293	1.72381
18225294	2.07692
18225295	3.2775
18225296	2.28879
18225297	3.2775
18225298	2.43003
18225299	3.20687
18225300	2.92439
18225301	2.99501
18225302	2.99501
18225303	3.98372
18225304	3.20687
18225305	2.99501
18225306	-0.0417402
18225307	0.381992
18225308	0.805724
18225309	-0.0417402
18225310	0.31137
18225311	2.35941
18225312	-0.253606
18225313	0.170126
18225314	1.65319
18225315	1.22946
18225316	2.35941
18225317	1.51194
18225318	4.05434
18225319	5.60802
18225320	2.35941
18225321	3.98372
18225322	3.20687
18225323	1.72381
18225324	1.51194
18225325	0.735102
18225326	3.06563
18225327	0.31137
18225328	-0.112362
18225329	0.381992
18225330	1.15883
18225331	3.06563
18225332	1.65319
18225333	3.13625
18225334	3.06563
18225335	1.79443
18225336	2.35941
18225337	3.06563
18225338	4.76056
18225339	1.30008
18225340	1.72381
18225341	1.51194
18225342	0.381992
18225343	0.946968
18225344	1.15883
18225345	1.93568
18225346	1.01759
18225347	-0.465472
18225348	0.0995039
18225349	0.66448
18225350	1.08821
18225351	0.31137
18225352	1.51194
18225353	-0.39485
18225354	0.31137
18225355	2.78314
18225356	1.51194
18225357	2.99501
18225358	1.79443
18225359	0.452614
18225360	2.28879
18225361	2.14754
18225362	0.31137
18225363	1.51194
18225364	0.381992
18225365	0.946968
18225366	0.170126
18225367	0.946968
18225368	2.07692
18225369	5.04305
18225370	0.523236
18225371	1.51194
18225372	1.58257
18225373	0.452614
18225374	2.35941
18225375	3.2775
18225376	2.35941
18225377	1.93568
18225378	2.07692
18225379	3.98372
18225380	5.60802
18225381	2.43003
18225382	0.240748
18225383	0.240748
18225384	0.523236
18225385	0.0995039
18225386	-0.465472
18225387	1.65319
18225388	0.381992
18225389	1.08821
18225390	0.31137
18225391	3.20687
18225392	0.735102
18225393	1.44132
18225394	3.77185
18225395	0.735102
18225396	1.93568
18225397	1.08821
18225398	1.22946
18225399	2.99501
18225400	0.31137
18225401	1.01759
18225402	0.735102
18225403	0.0995039
18225404	1.93568
18225405	2.78314
18225406	1.58257
18225407	1.44132
18225408	0.805724
18225409	-0.112362
18225410	1.65319
18225411	1.79443
18225412	3.20687
18225413	2.35941
18225414	3.06563
18225415	4.05434
18225416	4.05434
18225417	3.98372
18225418	0.240748
18225419	1.65319
18225420	0.735102
18225421	2.78314
18225422	0.170126
18225423	0.240748
18225424	2.14754
18225425	-0.324228
18225426	1.86506
18225427	2.14754
18225428	0.946968
18225429	2.35941
18225430	0.805724
18225431	1.22946
18225432	1.86506
18225433	1.15883
18225434	2.14754
18225435	2.35941
18225436	2.43003
18225437	3.20687
18225438	2.28879
18225439	2.21817
18225440	-0.606717
18225441	-0.324228
18225442	0.735102
18225443	0.0995039
18225444	0.735102
18225445	1.08821
18225446	0.735102
18225447	2.07692
18225448	0.31137
18225449	3.91309
18225450	1.58257
18225451	3.84247
18225452	3.84247
18225453	2.85376
18225454	4.19558
18225455	2.6419
18225456	3.84247
18225457	3.84247
18225458	0.452614
18225459	0.381992
18225460	0.452614
18225461	2.35941
18225462	2.99501
18225463	3.13625
18225464	5.74927
18225465	4.9018
18225466	2.6419
18225467	4.61932
18225468	5.39616
18225469	4.54869
18225470	4.61932
18225471	3.91309
18225472	3.91309
18225473	2.50065
18225474	2.21817
18225475	3.84247
18225476	2.35941
18225477	4.12496
18225478	1.30008
18225479	2.35941
18225480	2.43003
18225481	2.35941
18225482	2.35941
18225483	5.46678
18225484	5.74927
18225485	2.35941
18225486	2.99501
18225487	4.47807
18225488	3.48936
18225489	4.05434
18225490	1.86506
18225491	1.15883
18225492	0.31137
18225493	0.946968
18225494	3.91309
18225495	0.381992
18225496	3.13625
18225497	-0.112362
18225498	0.523236
18225499	0.805724
18225500	2.43003
18225501	1.72381
18225502	1.72381
18225503	2.71252
18225504	2.43003
18225505	4.83118
18225506	5.74927
18225507	4.9018
18225508	6.173
18225509	3.20687
18225510	5.74927
18225511	4.05434
18225512	1.86506
18225513	2.28879
18225514	-0.818583
18225515	1.08821
18225516	1.65319
18225517	2.14754
18225518	0.523236
18225519	5.32554
18225520	3.84247
18225521	3.13625
18225522	4.68994
18225523	2.07692
18225524	5.39616
18225525	5.46678
18225526	3.77185
18225527	0.31137
18225528	0.66448
18225529	1.15883
18225530	4.2662
18225531	2.21817
18225532	2.92439
18225533	-0.253606
18225534	2.71252
18225535	0.0995039
18225536	5.74927
18225537	2.43003
18225538	3.98372
18225539	3.34812
18225540	4.47807
18225541	3.2775
18225542	3.98372
18225543	2.21817
18225544	3.2775
18225545	4.76056
18225546	1.15883
18225547	2.07692
18225548	4.12496
18225549	4.12496
18225550	4.12496
18225551	-1.10107
18225552	-0.677339
18225553	1.22946
18225554	0.452614
18225555	2.92439
18225556	2.71252
18225557	3.06563
18225558	0.805724
18225559	1.15883
18225560	1.65319
18225561	2.85376
18225562	0.452614
18225563	1.79443
18225564	1.15883
18225565	1.15883
18225566	1.15883
18225567	2.21817
18225568	-0.0417402
18225569	-1.5248
18225570	0.452614
18225571	2.35941
18225572	4.05434
18225573	1.72381
18225574	5.67865
18225575	4.76056
18225576	0.805724
18225577	0.240748
18225578	0.0288819
18225579	0.66448
18225580	2.35941
18225581	4.83118
18225582	1.3707
18225583	0.0288819
18225584	1.93568
18225585	0.452614
18225586	2.78314
18225587	0.735102
18225588	1.3707
18225589	1.86506
18225590	2.28879
18225591	1.72381
18225592	1.15883
18225593	1.93568
18225594	0.452614
18225595	1.30008
18225596	0.31137
18225597	0.593858
18225598	1.08821
18225599	1.30008
18225600	0.240748
18225601	0.170126
18225602	0.946968
18225603	0.876346
18225604	2.14754
18225605	1.79443
18225606	1.72381
18225607	0.452614
18225608	1.58257
18225609	0.876346
18225610	-0.112362
18225611	1.01759
18225612	0.31137
18225613	0.240748
18225614	2.0063
18225615	1.30008
18225616	0.381992
18225617	2.71252
18225618	2.14754
18225619	0.805724
18225620	0.876346
18225621	0.805724
18225622	2.35941
18225623	1.44132
18225624	0.452614
18225625	1.58257
18225626	0.735102
18225627	1.15883
18225628	2.21817
18225629	3.48936
18225630	1.22946
18225631	1.65319
18225632	3.63061
18225633	3.77185
18225634	2.92439
18225635	0.735102
18225636	1.65319
18225637	2.92439
18225638	1.01759
18225639	1.58257
18225640	0.946968
18225641	5.60802
18225642	2.28879
18225643	3.13625
18225644	2.35941
18225645	3.34812
18225646	2.28879
18225647	3.34812
18225648	3.2775
18225649	3.2775
18225650	1.22946
18225651	4.9018
18225652	6.173
18225653	4.83118
18225654	4.9018
18225655	6.173
18225656	6.173
18225657	2.92439
18225658	2.92439
18225659	2.50065
18225660	0.735102
18225661	1.3707
18225662	0.0995039
18225663	1.44132
18225664	0.735102
18225665	1.93568
18225666	2.14754
18225667	1.08821
18225668	0.946968
18225669	1.44132
18225670	4.12496
18225671	3.34812
18225672	1.65319
18225673	2.28879
18225674	1.51194
18225675	5.60802
18225676	2.35941
18225677	2.28879
18225678	1.79443
18225679	1.79443
18225680	0.240748
18225681	-0.112362
18225682	0.0995039
18225683	0.593858
18225684	2.43003
18225685	1.15883
18225686	2.07692
18225687	2.78314
18225688	0.0995039
18225689	1.44132
18225690	1.30008
18225691	1.3707
18225692	0.381992
18225693	0.0288819
18225694	0.0288819
18225695	1.58257
18225696	0.946968
18225697	1.44132
18225698	1.65319
18225699	4.54869
18225700	0.170126
18225701	0.523236
18225702	1.15883
18225703	0.66448
18225704	1.79443
18225705	1.22946
18225706	2.99501
18225707	0.381992
18225708	1.44132
18225709	0.805724
18225710	0.240748
18225711	0.0288819
18225712	-0.253606
18225713	0.735102
18225714	0.452614
18225715	0.0288819
18225716	-0.253606
18225717	0.31137
18225718	0.31137
18225719	4.83118
18225720	3.20687
18225721	5.67865
18225722	1.44132
18225723	6.173
18225724	5.74927
18225725	0.593858
18225726	5.74927
18225727	4.9018
18225728	-1.59543
18225729	5.74927
18225730	1.93568
18225731	4.83118
18225732	4.9018
18225733	2.71252
18225734	0.593858
18225735	4.12496
18225736	5.74927
18225737	-0.606717
18225738	0.523236
18225739	5.60802
18225740	0.876346
18225741	5.39616
18225742	0.381992
18225743	1.22946
18225744	0.0288819
18225745	1.58257
18225746	1.65319
18225747	1.08821
18225748	-0.606717
18225749	-1.38356
18225750	0.735102
18225751	-0.253606
18225752	0.735102
18225753	0.0995039
18225754	4.19558
18225755	2.6419
18225756	1.65319
18225757	-0.0417402
18225758	0.381992
18225759	1.44132
18225760	0.0995039
18225761	-0.253606
18225762	1.01759
18225763	-0.182984
18225764	0.31137
18225765	-0.112362
18225766	-1.24231
18225767	2.57128
18225768	-0.536094
18225769	0.523236
18225770	0.170126
18225771	1.30008
18225772	-1.5248
18225773	-0.818583
18225774	-0.889205
18225775	-0.324228
18225776	-0.747961
18225777	-0.39485
18225778	-0.747961
18225779	-0.818583
18225780	-0.818583
18225781	-2.796
18225782	-0.889205
18225783	-2.08978
18225784	0.240748
18225785	-0.465472
18225786	-0.959827
18225787	-2.30165
18225788	-1.31294
18225789	-0.324228
18225790	-1.10107
18225791	-0.0417402
18225792	-2.796
18225793	-0.324228
18225794	-0.818583
18225795	-0.606717
18225796	-0.465472
18225797	-1.38356
18225798	-0.747961
18225799	0.0288819
18225800	1.30008
